0.000000000000000000e+00,2.358854656830686292e+00,3.537816841982791338e+00,2.715873946587004983e+00,2.465077343268222698e+00,2.091530315074299651e+00,1.627862396791514898e+00,5.602961804349083863e+00,8.414149018841305505e+00,1.641266140462804612e+00,6.679287429639934714e+00,1.530396333621498739e+00,6.430948114292356799e+00,9.759966262929056668e+00,7.228206905656527681e+00,8.127073887466671920e+00,1.869512878314578908e+00,6.349412487607820843e+00,3.629278094117680986e+00,7.156300907709054471e+00,4.303814969079954977e+00,4.820493869892133354e+00,4.871766386332128107e+00,3.626000783328579224e+00,6.159471479425503659e+00,5.637865550892136923e+00,1.675494342385194457e+00,4.606723015818396050e+00,4.190255190958567688e+00,4.343561526616642077e+00,1.238513550389113327e+01,3.741232894911852291e+00,1.071976783129218802e+01,1.817018453176527659e+00,2.787426450590504423e+00,2.193212057444168472e+00,1.451293017032135424e+00,1.687891371903426085e+00,3.078813335365052861e+00,2.618699281441948301e+00
2.358854656830686292e+00,0.000000000000000000e+00,2.036461935645245358e+00,2.047495106566309619e+00,2.330563517542370455e+00,5.976785706607529169e-01,3.968583025505976192e+00,3.645794296247090394e+00,6.449775731814276547e+00,2.855772358585427106e+00,4.691754364803794708e+00,2.986529645781489162e+00,4.449890835899759090e+00,1.169400754637211648e+01,5.090737045643526137e+00,7.018889265427388224e+00,2.329418791819219514e+00,5.627098376608445029e+00,5.536072861543178014e+00,6.248483250778523512e+00,6.643391835042865345e+00,3.252711990383916785e+00,2.699497899362376607e+00,5.749265906231627810e+00,3.861697872792633657e+00,7.683371163742910070e+00,3.666564059061778291e+00,6.245832346272538693e+00,3.834545143188029304e+00,2.241574077596846681e+00,1.415519909204119564e+01,1.441099228229441698e+00,1.244328060952983606e+01,2.910354530146008756e+00,3.210385133534152224e+00,1.936856151166962192e+00,3.579024268472128956e+00,3.432059854975090474e+00,4.901955916572503291e+00,4.265066465150217034e+00
3.537816841982791338e+00,2.036461935645245358e+00,0.000000000000000000e+00,1.099709500047403310e+00,1.642897082742418080e+00,2.615506369463995728e+00,5.081749740136963567e+00,2.134540538209479088e+00,4.895416310086799783e+00,2.947637282090421529e+00,3.193331079629517344e+00,4.693539730852244851e+00,2.947451639131858592e+00,1.328664739077736989e+01,3.855880806185606247e+00,4.985931619512013135e+00,4.254243309812736129e+00,3.641675706101742627e+00,7.124437926074506322e+00,4.219471744003622682e+00,7.667849150589363560e+00,1.305170892232740298e+00,1.797051358682602462e+00,7.163779042541698061e+00,3.220202504605284677e+00,9.174383335599213041e+00,4.082662971709683397e+00,7.992556750426754064e+00,2.182870596670509755e+00,1.285028780395593762e+00,1.586800576467008206e+01,1.621457339894312399e+00,1.418058690300714808e+01,2.872588685619158699e+00,2.434904564663574078e+00,3.949457924961842892e+00,4.979195218613763352e+00,3.690582150113046023e+00,6.532135020830342143e+00,5.968028766290028209e+00
2.715873946587004983e+00,2.047495106566309619e+00,1.099709500047403310e+00,0.000000000000000000e+00,5.473166119639227833e-01,2.490327349743926444e+00,4.146786862290362308e+00,3.203166187800194908e+00,5.892794384459734580e+00,1.864410391744264706e+00,4.238052077215290758e+00,4.065467542951780366e+00,3.996575970986057325e+00,1.245394639290317862e+01,4.939848085106201658e+00,5.445113809706904284e+00,3.843947054315903333e+00,3.786284433320708409e+00,6.344902807109990661e+00,4.525569385799633082e+00,6.660669949907028986e+00,2.200516828259937885e+00,2.870981449414005127e+00,6.296159598739722085e+00,4.297745165236284137e+00,8.316508037921284568e+00,3.011729452954350350e+00,7.302308616973557598e+00,1.808284207716512437e+00,2.334780502866618423e+00,1.509954626060047289e+01,2.366057213003481596e+00,1.343561863301679971e+01,1.778496359043136632e+00,1.414432322388774921e+00,3.696935507429856660e+00,4.162682080701272547e+00,2.607668597272423838e+00,5.789536374927788387e+00,5.287593364572118482e+00
2.465077343268222698e+00,2.330563517542370455e+00,1.642897082742418080e+00,5.473166119639227833e-01,0.000000000000000000e+00,2.681049813941542403e+00,3.773621877200675101e+00,3.722986686938827283e+00,6.367394173017662418e+00,1.368198716887016664e+00,4.742141915749139791e+00,3.911582443743049531e+00,4.503729363750614390e+00,1.211715570502214057e+01,5.465135591523066161e+00,5.668159762011971914e+00,3.826998074498159319e+00,3.893851200259627277e+00,6.063176310086512366e+00,4.691419953491561934e+00,6.215153928925860605e+00,2.668892109656507472e+00,3.418201207405789255e+00,5.955300986785928785e+00,4.844929471479511918e+00,7.973133142914480942e+00,2.521340595860804612e+00,7.070864594516290680e+00,1.770060340652168218e+00,2.880963446642917258e+00,1.479851371835037988e+01,2.860973517014608003e+00,1.315109152415960203e+01,1.261376809079780115e+00,9.217366273005240807e-01,3.770369396665491202e+00,3.879168796539564035e+00,2.104027678729694983e+00,5.536518593369780916e+00,5.079975722677715133e+00
2.091530315074299651e+00,5.976785706607529169e-01,2.615506369463995728e+00,2.490327349743926444e+00,2.681049813941542403e+00,0.000000000000000000e+00,3.632990056284572500e+00,4.229212034462753955e+00,7.021544915214513516e+00,2.936007610178318128e+00,5.266075226814361798e+00,2.464646599247585002e+00,5.026227729227495722e+00,1.115641002713723395e+01,5.631615617368171733e+00,7.601412467252953498e+00,1.743269780150108028e+00,6.167344624738734460e+00,5.019677117058725102e+00,6.812114368392546915e+00,6.283045747548947624e+00,3.847856356789796983e+00,3.249403801058803332e+00,5.281621199334998629e+00,4.335626804108954957e+00,7.181043933317884154e+00,3.582347441166455759e+00,5.684611772466543478e+00,4.298061520117239631e+00,2.815440362916545869e+00,1.359012721389078138e+01,1.956726828308633204e+00,1.187468516057592716e+01,3.024808240952277405e+00,3.499807275266531459e+00,1.341007033703189411e+00,3.153875641763585591e+00,3.413246407968385743e+00,4.378686588302846516e+00,3.726242809800643041e+00
1.627862396791514898e+00,3.968583025505976192e+00,5.081749740136963567e+00,4.146786862290362308e+00,3.773621877200675101e+00,3.632990056284572500e+00,0.000000000000000000e+00,7.185801652914554083e+00,9.976900415497093277e+00,2.538476372589530072e+00,8.259273603398208152e+00,1.831492923490126046e+00,8.011352733009012184e+00,8.351301993193139594e+00,8.837465914429600389e+00,9.379775126687585285e+00,2.745027772029325241e+00,7.490051094519207808e+00,2.473447491514035423e+00,8.348373062702675540e+00,2.677556361780030425e+00,6.327488969402083718e+00,6.493793408763556485e+00,2.201115305998049720e+00,7.787200143857763379e+00,4.207307142334888006e+00,1.682174258583702287e+00,3.633442815354069655e+00,5.318841064683300424e+00,5.960984400601375910e+00,1.106846725980332202e+01,5.367255465975651951e+00,9.452923697341166331e+00,2.712817314503711774e+00,3.764750556010107996e+00,3.299465114301694424e+00,8.209967624382865647e-01,2.044629472327250674e+00,2.127209475009299577e+00,2.036334719938949878e+00
5.602961804349083863e+00,3.645794296247090394e+00,2.134540538209479088e+00,3.203166187800194908e+00,3.722986686938827283e+00,4.229212034462753955e+00,7.185801652914554083e+00,0.000000000000000000e+00,2.826048845684241417e+00,5.067215622086653326e+00,1.076520718987489689e+00,6.591933906078039307e+00,8.282052892637826735e-01,1.528155070196279119e+01,1.745561245188239630e+00,4.117199388584829478e+00,5.972100583223408421e+00,3.685039533191835748e+00,9.105531304838693885e+00,3.807331733140253860e+00,9.795579651353088835e+00,1.217652074777418880e+00,1.148589753299694705e+00,9.214470156825159464e+00,1.742287716224514282e+00,1.120669363804137397e+01,6.210653848001052246e+00,9.880526706205539966e+00,3.481767553307860918e+00,1.423802224346664591e+00,1.778955005337737205e+01,2.377881106773312769e+00,1.608222182980690818e+01,4.979241002024072493e+00,4.379981452703429312e+00,5.525443837749905107e+00,7.015351108861158203e+00,5.810676296948810382e+00,8.488609554353399034e+00,7.878992392179639204e+00
8.414149018841305505e+00,6.449775731814276547e+00,4.895416310086799783e+00,5.892794384459734580e+00,6.367394173017662418e+00,7.021544915214513516e+00,9.976900415497093277e+00,2.826048845684241417e+00,0.000000000000000000e+00,7.735482826798218525e+00,1.759084173419940500e+00,9.413588859993527791e+00,2.003825986428801720e+00,1.810747518394202871e+01,1.623396997959529298e+00,3.658126463673526452e+00,8.762699853049921828e+00,4.615174344439387788e+00,1.193152153963402284e+01,4.139944278002102962e+00,1.254932491156862717e+01,3.698801420592463529e+00,3.792394053993449088e+00,1.203347174735682934e+01,3.237456029501487365e+00,1.403018356648789045e+01,8.888694519035306385e+00,1.269457568676648762e+01,5.590599217893863937e+00,4.208361209221258115e+00,2.060439618173633036e+01,5.101122295269227003e+00,1.889303751863678116e+01,7.623425415230061120e+00,6.860901613125033549e+00,8.283121326908082338e+00,9.836096133261678531e+00,8.469512748926518952e+00,1.131370541518000827e+01,1.070003087752958670e+01
1.641266140462804612e+00,2.855772358585427106e+00,2.947637282090421529e+00,1.864410391744264706e+00,1.368198716887016664e+00,2.936007610178318128e+00,2.538476372589530072e+00,5.067215622086653326e+00,7.735482826798218525e+00,0.000000000000000000e+00,6.100451040412460557e+00,3.165223879442686350e+00,5.859883638628534008e+00,1.087732823981690800e+01,6.801040652594899427e+00,6.845610984415488431e+00,3.427358331090072596e+00,4.953140234837632327e+00,4.952946393763402178e+00,5.809941081591650125e+00,4.862055884071844858e+00,4.036799147501522356e+00,4.650027497949301036e+00,4.739275256523177049e+00,6.062641630316489838e+00,6.737564641044405889e+00,1.153221687413532592e+00,6.044008310839037890e+00,2.780380695241177147e+00,4.099116872172619885e+00,1.360673049842206161e+01,3.853614630814916175e+00,1.198925381146241698e+01,1.847196517511713321e-01,1.237876655599678077e+00,3.601896291070463274e+00,2.827549694609444053e+00,7.435787421961683741e-01,4.493895805893916240e+00,4.147893527860144758e+00
6.679287429639934714e+00,4.691754364803794708e+00,3.193331079629517344e+00,4.238052077215290758e+00,4.742141915749139791e+00,5.266075226814361798e+00,8.259273603398208152e+00,1.076520718987489689e+00,1.759084173419940500e+00,6.100451040412460557e+00,0.000000000000000000e+00,7.654837477052158334e+00,2.483420403311102920e-01,1.635139960080240229e+01,9.042413161584275105e-01,3.813019007876143007e+00,7.008472546339969966e+00,3.933097285411944366e+00,1.017597527429482618e+01,3.803021899237400305e+00,1.086089928410244809e+01,2.110574798944276242e+00,2.059042990084411606e+00,1.029070652478238657e+01,1.896537040009233621e+00,1.228159633670380124e+01,7.249743637685308606e+00,1.093578997427741584e+01,4.260463384729423986e+00,2.451104314124232353e+00,1.884564271171494809e+01,3.360724271078215253e+00,1.713492217067081214e+01,6.003282933100257956e+00,5.335755456991323697e+00,6.538808778195283722e+00,8.091380241122591244e+00,6.842242862037555717e+00,9.556432345982305065e+00,8.941127488469383877e+00
1.530396333621498739e+00,2.986529645781489162e+00,4.693539730852244851e+00,4.065467542951780366e+00,3.911582443743049531e+00,2.464646599247585002e+00,1.831492923490126046e+00,6.591933906078039307e+00,9.413588859993527791e+00,3.165223879442686350e+00,7.654837477052158334e+00,0.000000000000000000e+00,7.409793450060134568e+00,8.708059995761237460e+00,8.077234155506310742e+00,9.509909852119701412e+00,1.002664147770446768e+00,7.803109833710442977e+00,2.555205982107497942e+00,8.580428055709049318e+00,4.119863546176148361e+00,5.998268705634613340e+00,5.685887434411960761e+00,2.862680973103010729e+00,6.798571158854047169e+00,4.718023075195559635e+00,2.929506549376052593e+00,3.302762411357784256e+00,5.670649786332179865e+00,5.215632280747450444e+00,1.120208509014926612e+01,4.413724693261399601e+00,9.502077527594067874e+00,3.343697385772290254e+00,4.313686124173474745e+00,1.627466145591687896e+00,1.036469496201439133e+00,3.085521365357160928e+00,1.916411652281780453e+00,1.287211872635330101e+00
6.430948114292356799e+00,4.449890835899759090e+00,2.947451639131858592e+00,3.996575970986057325e+00,4.503729363750614390e+00,5.026227729227495722e+00,8.011352733009012184e+00,8.282052892637826735e-01,2.003825986428801720e+00,5.859883638628534008e+00,2.483420403311102920e-01,7.409793450060134568e+00,0.000000000000000000e+00,1.610488635343689268e+01,1.063513363905694176e+00,3.855627006962394798e+00,6.769125226925591043e+00,3.847635238421498016e+00,9.929267344670703821e+00,3.773707591560617303e+00,1.061451561538764743e+01,1.886199647695661064e+00,1.834529820995201455e+00,1.004251670671647645e+01,1.809060628982437580e+00,1.203379312973340376e+01,7.008256730607628882e+00,1.069260925324591760e+01,4.066735993068551380e+00,2.210787377392907427e+00,1.860243428788776043e+01,3.129718108685937583e+00,1.689248467636454620e+01,5.764439001525580863e+00,5.109642949816674218e+00,6.304224094182353078e+00,7.843253301358195984e+00,6.602147768212879519e+00,9.310331249396522679e+00,8.696312348683404636e+00
9.759966262929056668e+00,1.169400754637211648e+01,1.328664739077736989e+01,1.245394639290317862e+01,1.211715570502214057e+01,1.115641002713723395e+01,8.351301993193139594e+00,1.528155070196279119e+01,1.810747518394202871e+01,1.087732823981690800e+01,1.635139960080240229e+01,8.708059995761237460e+00,1.610488635343689268e+01,0.000000000000000000e+00,1.678381323726979701e+01,1.772221815470659578e+01,9.470222227528042325e+00,1.580173746698735826e+01,6.176110241561424630e+00,1.667524690648361840e+01,6.381974071400223103e+00,1.457857368359169925e+01,1.439349571240238390e+01,6.162259493994247883e+00,1.545780125646965963e+01,4.144528226419336825e+00,9.867925800231148514e+00,5.523874512523371472e+00,1.364840447336353613e+01,1.392146475312216936e+01,2.878152921351080806e+00,1.311290053590909999e+01,1.793376897706904227e+00,1.104508768370943805e+01,1.207953875171873115e+01,1.004385055090132894e+01,8.310494123710586933e+00,1.029141996733646103e+01,6.796672261954455507e+00,7.430999886538016241e+00
7.228206905656527681e+00,5.090737045643526137e+00,3.855880806185606247e+00,4.939848085106201658e+00,5.465135591523066161e+00,5.631615617368171733e+00,8.837465914429600389e+00,1.745561245188239630e+00,1.623396997959529298e+00,6.801040652594899427e+00,9.042413161584275105e-01,8.077234155506310742e+00,1.063513363905694176e+00,1.678381323726979701e+01,0.000000000000000000e+00,4.524415299542602575e+00,7.351262275356314824e+00,4.820558856841249629e+00,1.062509745132499184e+01,4.635829798006836810e+00,1.147679090446450090e+01,2.916944206002561213e+00,2.392381112972277624e+00,1.079853384022595542e+01,1.615757754636085064e+00,1.276242136848146913e+01,7.938524872130836130e+00,1.131302144128104104e+01,5.127110005986158292e+00,2.891160505253052015e+00,1.920981354365207849e+01,3.676292103304535264e+00,1.748890691240232798e+01,6.718059595106773862e+00,6.121089755487271411e+00,6.833167242251414031e+00,8.601548436240030071e+00,7.544540521110204345e+00,9.992563558246652988e+00,9.353165158149254310e+00
8.127073887466671920e+00,7.018889265427388224e+00,4.985931619512013135e+00,5.445113809706904284e+00,5.668159762011971914e+00,7.601412467252953498e+00,9.379775126687585285e+00,4.117199388584829478e+00,3.658126463673526452e+00,6.845610984415488431e+00,3.813019007876143007e+00,9.509909852119701412e+00,3.855627006962394798e+00,1.772221815470659578e+01,4.524415299542602575e+00,0.000000000000000000e+00,9.205832903993572458e+00,2.000531261779378234e+00,1.172920426841812258e+01,1.105143370026423488e+00,1.156891519760026910e+01,3.820771733810276238e+00,5.201956510994842020e+00,1.158025863775170805e+01,5.659455484334729114e+00,1.358313842310678687e+01,7.878509818785635943e+00,1.273288487270322378e+01,4.077735868191648017e+00,5.245864891935707597e+00,2.044505674065707979e+01,6.178709601395332207e+00,1.881095843418653502e+01,6.677130623828034572e+00,5.649224499362746066e+00,8.933857142949969798e+00,9.546824837782097006e+00,7.446790752716396788e+00,1.120365223032507984e+01,1.072735500646379592e+01
1.869512878314578908e+00,2.329418791819219514e+00,4.254243309812736129e+00,3.843947054315903333e+00,3.826998074498159319e+00,1.743269780150108028e+00,2.745027772029325241e+00,5.972100583223408421e+00,8.762699853049921828e+00,3.427358331090072596e+00,7.008472546339969966e+00,1.002664147770446768e+00,6.769125226925591043e+00,9.470222227528042325e+00,7.351262275356314824e+00,9.205832903993572458e+00,0.000000000000000000e+00,7.629629426790627278e+00,3.416692081542514803e+00,8.346622476999552731e+00,5.122439731381328798e+00,5.532714390192205123e+00,4.982030797439097825e+00,3.819882280475639824e+00,5.987611789300999021e+00,5.588976699624157440e+00,3.512340000370656412e+00,3.966184628282018121e+00,5.587668876723775213e+00,4.558398955404959985e+00,1.185918115196238531e+01,3.677887012146493717e+00,1.014025591796983861e+01,3.584913131217337678e+00,4.417958028056552244e+00,6.340265565093309297e-01,2.002909461103369093e+00,3.557342000295190765e+00,2.768820733859296723e+00,2.084821459570586732e+00
6.349412487607820843e+00,5.627098376608445029e+00,3.641675706101742627e+00,3.786284433320708409e+00,3.893851200259627277e+00,6.167344624738734460e+00,7.490051094519207808e+00,3.685039533191835748e+00,4.615174344439387788e+00,4.953140234837632327e+00,3.933097285411944366e+00,7.803109833710442977e+00,3.847635238421498016e+00,1.580173746698735826e+01,4.820558856841249629e+00,2.000531261779378234e+00,7.629629426790627278e+00,0.000000000000000000e+00,9.891547168080656149e+00,8.982487507900465129e-01,9.595245782393067913e+00,2.834714808655864005e+00,4.501060962478740990e+00,9.688890654397749103e+00,5.424612846197650384e+00,1.167444046089302567e+01,5.936100578043305376e+00,1.094199894737278278e+01,2.177398446605170790e+00,4.335869168273180030e+00,1.855440279248112034e+01,5.124413903657459635e+00,1.694231585594786438e+01,4.777293412328722511e+00,3.727886392402051108e+00,7.449866498384354330e+00,7.726917811719994589e+00,5.510420344125234848e+00,9.397377295221417626e+00,8.968043252827602174e+00
3.629278094117680986e+00,5.536072861543178014e+00,7.124437926074506322e+00,6.344902807109990661e+00,6.063176310086512366e+00,5.019677117058725102e+00,2.473447491514035423e+00,9.105531304838693885e+00,1.193152153963402284e+01,4.952946393763402178e+00,1.017597527429482618e+01,2.555205982107497942e+00,9.929267344670703821e+00,6.176110241561424630e+00,1.062509745132499184e+01,1.172920426841812258e+01,3.416692081542514803e+00,9.891547168080656149e+00,0.000000000000000000e+00,1.072925536843523098e+01,2.584407012156968886e+00,8.423317696316717118e+00,8.232738353580588253e+00,8.141360005010060963e-01,9.351777773367402347e+00,2.173343488842685467e+00,4.153247811001667955e+00,1.203815301775082558e+00,7.714187854787568632e+00,7.751419106168044415e+00,8.756720140832388921e+00,6.967900267036464257e+00,7.091882775799599692e+00,5.134218145745407469e+00,6.190704178312157246e+00,4.035562714402252560e+00,2.185606373315503337e+00,4.515888644092995285e+00,6.481563311380228454e-01,1.334341727225897056e+00
7.156300907709054471e+00,6.248483250778523512e+00,4.219471744003622682e+00,4.525569385799633082e+00,4.691419953491561934e+00,6.812114368392546915e+00,8.348373062702675540e+00,3.807331733140253860e+00,4.139944278002102962e+00,5.809941081591650125e+00,3.803021899237400305e+00,8.580428055709049318e+00,3.773707591560617303e+00,1.667524690648361840e+01,4.635829798006836810e+00,1.105143370026423488e+00,8.346622476999552731e+00,8.982487507900465129e-01,1.072925536843523098e+01,0.000000000000000000e+00,1.048748754371255387e+01,3.206885795508501502e+00,4.774320977043976733e+00,1.054919875188022083e+01,5.493854109975188749e+00,1.254253010891548215e+01,6.815547505647511883e+00,1.176026656707388973e+01,3.029944290429407161e+00,4.707984260265994259e+00,1.941662853481790307e+01,5.578278660896392793e+00,1.779547491591912234e+01,5.637152961875193213e+00,4.595795984536686696e+00,8.123520897044324229e+00,8.554992469938065724e+00,6.387070997222465962e+00,1.022112887515821988e+01,9.770677448863132497e+00
4.303814969079954977e+00,6.643391835042865345e+00,7.667849150589363560e+00,6.660669949907028986e+00,6.215153928925860605e+00,6.283045747548947624e+00,2.677556361780030425e+00,9.795579651353088835e+00,1.254932491156862717e+01,4.862055884071844858e+00,1.086089928410244809e+01,4.119863546176148361e+00,1.061451561538764743e+01,6.381974071400223103e+00,1.147679090446450090e+01,1.156891519760026910e+01,5.122439731381328798e+00,9.595245782393067913e+00,2.584407012156968886e+00,1.048748754371255387e+01,0.000000000000000000e+00,8.861111664643724239e+00,9.155430878967180774e+00,1.771505942979578530e+00,1.046274908599741060e+01,2.606007197771796680e+00,3.734335494624969165e+00,3.539460330596870818e+00,7.511202956386961560e+00,8.616945990567476343e+00,9.240765413892862767e+00,8.044565740216183869e+00,7.798260317342420755e+00,5.001262063200844210e+00,5.953653972215141366e+00,5.741596883613178548e+00,3.172271453804604846e+00,4.170683619137262710e+00,2.918013520674509031e+00,3.439373937284156302e+00
4.820493869892133354e+00,3.252711990383916785e+00,1.305170892232740298e+00,2.200516828259937885e+00,2.668892109656507472e+00,3.847856356789796983e+00,6.327488969402083718e+00,1.217652074777418880e+00,3.698801420592463529e+00,4.036799147501522356e+00,2.110574798944276242e+00,5.998268705634613340e+00,1.886199647695661064e+00,1.457857368359169925e+01,2.916944206002561213e+00,3.820771733810276238e+00,5.532714390192205123e+00,2.834714808655864005e+00,8.423317696316717118e+00,3.206885795508501502e+00,8.861111664643724239e+00,0.000000000000000000e+00,1.685898688696799042e+00,8.442123955591236850e+00,2.830453429796147891e+00,1.045761976631994550e+01,5.190020534586780698e+00,9.297719773081189132e+00,2.267100978247968079e+00,1.510422164402872358e+00,1.717088128979985839e+01,2.377947837400951059e+00,1.548498008745399090e+01,3.926848244500062535e+00,3.225180958095958506e+00,5.188819337388115294e+00,6.268180700301295261e+00,4.772082706340036395e+00,7.834773332019296710e+00,7.273187866795741918e+00
4.871766386332128107e+00,2.699497899362376607e+00,1.797051358682602462e+00,2.870981449414005127e+00,3.418201207405789255e+00,3.249403801058803332e+00,6.493793408763556485e+00,1.148589753299694705e+00,3.792394053993449088e+00,4.650027497949301036e+00,2.059042990084411606e+00,5.685887434411960761e+00,1.834529820995201455e+00,1.439349571240238390e+01,2.392381112972277624e+00,5.201956510994842020e+00,4.982030797439097825e+00,4.501060962478740990e+00,8.232738353580588253e+00,4.774320977043976733e+00,9.155430878967180774e+00,1.685898688696799042e+00,0.000000000000000000e+00,8.413783971214698454e+00,1.426798062119070343e+00,1.037137063264946768e+01,5.741953538274364277e+00,8.933999790679667541e+00,3.742812489471298854e+00,5.522101653141456845e-01,1.683865147991486566e+01,1.309145201344827925e+00,1.512162784065022869e+01,4.600329330719520549e+00,4.231892688341757136e+00,4.491118933443755346e+00,6.220468318067575275e+00,5.380578244088400020e+00,7.600664280874076084e+00,6.963928006029513007e+00
3.626000783328579224e+00,5.749265906231627810e+00,7.163779042541698061e+00,6.296159598739722085e+00,5.955300986785928785e+00,5.281621199334998629e+00,2.201115305998049720e+00,9.214470156825159464e+00,1.203347174735682934e+01,4.739275256523177049e+00,1.029070652478238657e+01,2.862680973103010729e+00,1.004251670671647645e+01,6.162259493994247883e+00,1.079853384022595542e+01,1.158025863775170805e+01,3.819882280475639824e+00,9.688890654397749103e+00,8.141360005010060963e-01,1.054919875188022083e+01,1.771505942979578530e+00,8.442123955591236850e+00,8.413783971214698454e+00,0.000000000000000000e+00,9.606553613003642411e+00,2.020442867998868408e+00,3.807586974404655322e+00,1.886700496604184041e+00,7.519440776425078354e+00,7.908134154940118066e+00,8.867458369708973720e+00,7.190282254916757765e+00,7.258729086185573109e+00,4.912622752179084173e+00,5.961654992787500440e+00,4.453421856789317346e+00,2.200099215135461694e+00,4.207796022019874016e+00,1.218515515270075955e+00,1.848588511802886636e+00
6.159471479425503659e+00,3.861697872792633657e+00,3.220202504605284677e+00,4.297745165236284137e+00,4.844929471479511918e+00,4.335626804108954957e+00,7.787200143857763379e+00,1.742287716224514282e+00,3.237456029501487365e+00,6.062641630316489838e+00,1.896537040009233621e+00,6.798571158854047169e+00,1.809060628982437580e+00,1.545780125646965963e+01,1.615757754636085064e+00,5.659455484334729114e+00,5.987611789300999021e+00,5.424612846197650384e+00,9.351777773367402347e+00,5.493854109975188749e+00,1.046274908599741060e+01,2.830453429796147891e+00,1.426798062119070343e+00,9.606553613003642411e+00,0.000000000000000000e+00,1.151627510208139960e+01,7.137782253798761190e+00,9.947594465845062572e+00,5.051707882398156713e+00,1.968885726589606255e+00,1.780360400372641649e+01,2.426846616548223423e+00,1.607620089211372161e+01,6.018920340625370180e+00,5.653127163202762873e+00,5.426270371458926434e+00,7.440425886088275043e+00,6.787268903505225381e+00,8.708094807575575302e+00,8.044710229883435204e+00
5.637865550892136923e+00,7.683371163742910070e+00,9.174383335599213041e+00,8.316508037921284568e+00,7.973133142914480942e+00,7.181043933317884154e+00,4.207307142334888006e+00,1.120669363804137397e+01,1.403018356648789045e+01,6.737564641044405889e+00,1.228159633670380124e+01,4.718023075195559635e+00,1.203379312973340376e+01,4.144528226419336825e+00,1.276242136848146913e+01,1.358313842310678687e+01,5.588976699624157440e+00,1.167444046089302567e+01,2.173343488842685467e+00,1.254253010891548215e+01,2.606007197771796680e+00,1.045761976631994550e+01,1.037137063264946768e+01,2.020442867998868408e+00,1.151627510208139960e+01,0.000000000000000000e+00,5.753257776927715561e+00,2.077760260518625390e+00,9.513331085731614678e+00,9.878000720790547362e+00,6.887100199688878988e+00,9.120971432682978275e+00,5.328103431835468307e+00,6.907208658765921605e+00,7.947704643039136485e+00,6.204714758607758007e+00,4.197175773935485132e+00,6.169606443296647313e+00,2.821456102882824002e+00,3.504523864812013834e+00
1.675494342385194457e+00,3.666564059061778291e+00,4.082662971709683397e+00,3.011729452954350350e+00,2.521340595860804612e+00,3.582347441166455759e+00,1.682174258583702287e+00,6.210653848001052246e+00,8.888694519035306385e+00,1.153221687413532592e+00,7.249743637685308606e+00,2.929506549376052593e+00,7.008256730607628882e+00,9.867925800231148514e+00,7.938524872130836130e+00,7.878509818785635943e+00,3.512340000370656412e+00,5.936100578043305376e+00,4.153247811001667955e+00,6.815547505647511883e+00,3.734335494624969165e+00,5.190020534586780698e+00,5.741953538274364277e+00,3.807586974404655322e+00,7.137782253798761190e+00,5.753257776927715561e+00,0.000000000000000000e+00,5.314763033712925022e+00,3.802462344732206123e+00,5.189760050491152299e+00,1.264029991965614919e+01,4.843389614603499815e+00,1.105791587749494376e+01,1.274443957467806587e+00,2.232788591507143039e+00,3.868704341055703821e+00,2.244097961889184312e+00,4.366601391162754364e-01,3.795726174925440954e+00,3.603727621280789606e+00
4.606723015818396050e+00,6.245832346272538693e+00,7.992556750426754064e+00,7.302308616973557598e+00,7.070864594516290680e+00,5.684611772466543478e+00,3.633442815354069655e+00,9.880526706205539966e+00,1.269457568676648762e+01,6.044008310839037890e+00,1.093578997427741584e+01,3.302762411357784256e+00,1.069260925324591760e+01,5.523874512523371472e+00,1.131302144128104104e+01,1.273288487270322378e+01,3.966184628282018121e+00,1.094199894737278278e+01,1.203815301775082558e+00,1.176026656707388973e+01,3.539460330596870818e+00,9.297719773081189132e+00,8.933999790679667541e+00,1.886700496604184041e+00,9.947594465845062572e+00,2.077760260518625390e+00,5.314763033712925022e+00,0.000000000000000000e+00,8.769791593721501854e+00,8.487198656999259683e+00,7.909855123792282505e+00,7.636887938127358666e+00,6.202533906935652652e+00,6.227758243568855434e+00,7.278799415370150960e+00,4.524477609588530846e+00,3.221421099203181981e+00,5.659193297190271643e+00,1.550254233452519781e+00,2.025366589849974197e+00
4.190255190958567688e+00,3.834545143188029304e+00,2.182870596670509755e+00,1.808284207716512437e+00,1.770060340652168218e+00,4.298061520117239631e+00,5.318841064683300424e+00,3.481767553307860918e+00,5.590599217893863937e+00,2.780380695241177147e+00,4.260463384729423986e+00,5.670649786332179865e+00,4.066735993068551380e+00,1.364840447336353613e+01,5.127110005986158292e+00,4.077735868191648017e+00,5.587668876723775213e+00,2.177398446605170790e+00,7.714187854787568632e+00,3.029944290429407161e+00,7.511202956386961560e+00,2.267100978247968079e+00,3.742812489471298854e+00,7.519440776425078354e+00,5.051707882398156713e+00,9.513331085731614678e+00,3.802462344732206123e+00,8.769791593721501854e+00,0.000000000000000000e+00,3.341588646504295657e+00,1.638679316297898581e+01,3.801175794845565115e+00,1.476850751683408447e+01,2.607209196864743284e+00,1.571500062180394286e+00,5.489543168718459043e+00,5.551925729548082167e+00,3.369644427637908723e+00,7.223351847784718949e+00,6.807254226140102560e+00
4.343561526616642077e+00,2.241574077596846681e+00,1.285028780395593762e+00,2.334780502866618423e+00,2.880963446642917258e+00,2.815440362916545869e+00,5.960984400601375910e+00,1.423802224346664591e+00,4.208361209221258115e+00,4.099116872172619885e+00,2.451104314124232353e+00,5.215632280747450444e+00,2.210787377392907427e+00,1.392146475312216936e+01,2.891160505253052015e+00,5.245864891935707597e+00,4.558398955404959985e+00,4.335869168273180030e+00,7.751419106168044415e+00,4.707984260265994259e+00,8.616945990567476343e+00,1.510422164402872358e+00,5.522101653141456845e-01,7.908134154940118066e+00,1.968885726589606255e+00,9.878000720790547362e+00,5.189760050491152299e+00,8.487198656999259683e+00,3.341588646504295657e+00,0.000000000000000000e+00,1.639673199271618742e+01,9.728139411696815619e-01,1.468470356209467198e+01,4.051436378055914389e+00,3.713350531042175717e+00,4.102274970965214429e+00,5.710510122288628310e+00,4.828782721733721139e+00,7.124908655436163585e+00,6.499616368331007088e+00
1.238513550389113327e+01,1.415519909204119564e+01,1.586800576467008206e+01,1.509954626060047289e+01,1.479851371835037988e+01,1.359012721389078138e+01,1.106846725980332202e+01,1.778955005337737205e+01,2.060439618173633036e+01,1.360673049842206161e+01,1.884564271171494809e+01,1.120208509014926612e+01,1.860243428788776043e+01,2.878152921351080806e+00,1.920981354365207849e+01,2.044505674065707979e+01,1.185918115196238531e+01,1.855440279248112034e+01,8.756720140832388921e+00,1.941662853481790307e+01,9.240765413892862767e+00,1.717088128979985839e+01,1.683865147991486566e+01,8.867458369708973720e+00,1.780360400372641649e+01,6.887100199688878988e+00,1.264029991965614919e+01,7.909855123792282505e+00,1.638679316297898581e+01,1.639673199271618742e+01,0.000000000000000000e+00,1.553688259132543514e+01,1.730658021451266126e+00,1.377974197147360336e+01,1.482651789468049586e+01,1.238568046604843254e+01,1.093691437782196019e+01,1.305541451463676061e+01,9.336108087088327068e+00,9.915507334230156289e+00
3.741232894911852291e+00,1.441099228229441698e+00,1.621457339894312399e+00,2.366057213003481596e+00,2.860973517014608003e+00,1.956726828308633204e+00,5.367255465975651951e+00,2.377881106773312769e+00,5.101122295269227003e+00,3.853614630814916175e+00,3.360724271078215253e+00,4.413724693261399601e+00,3.129718108685937583e+00,1.311290053590909999e+01,3.676292103304535264e+00,6.178709601395332207e+00,3.677887012146493717e+00,5.124413903657459635e+00,6.967900267036464257e+00,5.578278660896392793e+00,8.044565740216183869e+00,2.377947837400951059e+00,1.309145201344827925e+00,7.190282254916757765e+00,2.426846616548223423e+00,9.120971432682978275e+00,4.843389614603499815e+00,7.636887938127358666e+00,3.801175794845565115e+00,9.728139411696815619e-01,1.553688259132543514e+01,0.000000000000000000e+00,1.381807965284418671e+01,3.849635594998277899e+00,3.772891425636352825e+00,3.182061640841400418e+00,5.015809809401516439e+00,4.535293021213080422e+00,6.330006843656520665e+00,5.682223588901771372e+00
1.071976783129218802e+01,1.244328060952983606e+01,1.418058690300714808e+01,1.343561863301679971e+01,1.315109152415960203e+01,1.187468516057592716e+01,9.452923697341166331e+00,1.608222182980690818e+01,1.889303751863678116e+01,1.198925381146241698e+01,1.713492217067081214e+01,9.502077527594067874e+00,1.689248467636454620e+01,1.793376897706904227e+00,1.748890691240232798e+01,1.881095843418653502e+01,1.014025591796983861e+01,1.694231585594786438e+01,7.091882775799599692e+00,1.779547491591912234e+01,7.798260317342420755e+00,1.548498008745399090e+01,1.512162784065022869e+01,7.258729086185573109e+00,1.607620089211372161e+01,5.328103431835468307e+00,1.105791587749494376e+01,6.202533906935652652e+00,1.476850751683408447e+01,1.468470356209467198e+01,1.730658021451266126e+00,1.381807965284418671e+01,0.000000000000000000e+00,1.216518087138154414e+01,1.321757958881774186e+01,1.066122313763071539e+01,9.277197688112307716e+00,1.146456266476754138e+01,7.654714772396475020e+00,8.217631136712704176e+00
1.817018453176527659e+00,2.910354530146008756e+00,2.872588685619158699e+00,1.778496359043136632e+00,1.261376809079780115e+00,3.024808240952277405e+00,2.712817314503711774e+00,4.979241002024072493e+00,7.623425415230061120e+00,1.847196517511713321e-01,6.003282933100257956e+00,3.343697385772290254e+00,5.764439001525580863e+00,1.104508768370943805e+01,6.718059595106773862e+00,6.677130623828034572e+00,3.584913131217337678e+00,4.777293412328722511e+00,5.134218145745407469e+00,5.637152961875193213e+00,5.001262063200844210e+00,3.926848244500062535e+00,4.600329330719520549e+00,4.912622752179084173e+00,6.018920340625370180e+00,6.907208658765921605e+00,1.274443957467806587e+00,6.227758243568855434e+00,2.607209196864743284e+00,4.051436378055914389e+00,1.377974197147360336e+01,3.849635594998277899e+00,1.216518087138154414e+01,0.000000000000000000e+00,1.056720282401605315e+00,3.740762028485914215e+00,3.011948699638016258e+00,8.468418372140197325e-01,4.677728250822737799e+00,4.332483852797251345e+00
2.787426450590504423e+00,3.210385133534152224e+00,2.434904564663574078e+00,1.414432322388774921e+00,9.217366273005240807e-01,3.499807275266531459e+00,3.764750556010107996e+00,4.379981452703429312e+00,6.860901613125033549e+00,1.237876655599678077e+00,5.335755456991323697e+00,4.313686124173474745e+00,5.109642949816674218e+00,1.207953875171873115e+01,6.121089755487271411e+00,5.649224499362746066e+00,4.417958028056552244e+00,3.727886392402051108e+00,6.190704178312157246e+00,4.595795984536686696e+00,5.953653972215141366e+00,3.225180958095958506e+00,4.231892688341757136e+00,5.961654992787500440e+00,5.653127163202762873e+00,7.947704643039136485e+00,2.232788591507143039e+00,7.278799415370150960e+00,1.571500062180394286e+00,3.713350531042175717e+00,1.482651789468049586e+01,3.772891425636352825e+00,1.321757958881774186e+01,1.056720282401605315e+00,0.000000000000000000e+00,4.463158052998341674e+00,4.059152366951956026e+00,1.798780697664155825e+00,5.728547425914287672e+00,5.362779990950282460e+00
2.193212057444168472e+00,1.936856151166962192e+00,3.949457924961842892e+00,3.696935507429856660e+00,3.770369396665491202e+00,1.341007033703189411e+00,3.299465114301694424e+00,5.525443837749905107e+00,8.283121326908082338e+00,3.601896291070463274e+00,6.538808778195283722e+00,1.627466145591687896e+00,6.304224094182353078e+00,1.004385055090132894e+01,6.833167242251414031e+00,8.933857142949969798e+00,6.340265565093309297e-01,7.449866498384354330e+00,4.035562714402252560e+00,8.123520897044324229e+00,5.741596883613178548e+00,5.188819337388115294e+00,4.491118933443755346e+00,4.453421856789317346e+00,5.426270371458926434e+00,6.204714758607758007e+00,3.868704341055703821e+00,4.524477609588530846e+00,5.489543168718459043e+00,4.102274970965214429e+00,1.238568046604843254e+01,3.182061640841400418e+00,1.066122313763071539e+01,3.740762028485914215e+00,4.463158052998341674e+00,0.000000000000000000e+00,2.596710169473398722e+00,3.849354239916435105e+00,3.388977402347084222e+00,2.701329163383044740e+00
1.451293017032135424e+00,3.579024268472128956e+00,4.979195218613763352e+00,4.162682080701272547e+00,3.879168796539564035e+00,3.153875641763585591e+00,8.209967624382865647e-01,7.015351108861158203e+00,9.836096133261678531e+00,2.827549694609444053e+00,8.091380241122591244e+00,1.036469496201439133e+00,7.843253301358195984e+00,8.310494123710586933e+00,8.601548436240030071e+00,9.546824837782097006e+00,2.002909461103369093e+00,7.726917811719994589e+00,2.185606373315503337e+00,8.554992469938065724e+00,3.172271453804604846e+00,6.268180700301295261e+00,6.220468318067575275e+00,2.200099215135461694e+00,7.440425886088275043e+00,4.197175773935485132e+00,2.244097961889184312e+00,3.221421099203181981e+00,5.551925729548082167e+00,5.710510122288628310e+00,1.093691437782196019e+01,5.015809809401516439e+00,9.277197688112307716e+00,3.011948699638016258e+00,4.059152366951956026e+00,2.596710169473398722e+00,0.000000000000000000e+00,2.516918871673152758e+00,1.672199271319297242e+00,1.363203733910169912e+00
1.687891371903426085e+00,3.432059854975090474e+00,3.690582150113046023e+00,2.607668597272423838e+00,2.104027678729694983e+00,3.413246407968385743e+00,2.044629472327250674e+00,5.810676296948810382e+00,8.469512748926518952e+00,7.435787421961683741e-01,6.842242862037555717e+00,3.085521365357160928e+00,6.602147768212879519e+00,1.029141996733646103e+01,7.544540521110204345e+00,7.446790752716396788e+00,3.557342000295190765e+00,5.510420344125234848e+00,4.515888644092995285e+00,6.387070997222465962e+00,4.170683619137262710e+00,4.772082706340036395e+00,5.380578244088400020e+00,4.207796022019874016e+00,6.787268903505225381e+00,6.169606443296647313e+00,4.366601391162754364e-01,5.659193297190271643e+00,3.369644427637908723e+00,4.828782721733721139e+00,1.305541451463676061e+01,4.535293021213080422e+00,1.146456266476754138e+01,8.468418372140197325e-01,1.798780697664155825e+00,3.849354239916435105e+00,2.516918871673152758e+00,0.000000000000000000e+00,4.124393957051252890e+00,3.878938068004696760e+00
3.078813335365052861e+00,4.901955916572503291e+00,6.532135020830342143e+00,5.789536374927788387e+00,5.536518593369780916e+00,4.378686588302846516e+00,2.127209475009299577e+00,8.488609554353399034e+00,1.131370541518000827e+01,4.493895805893916240e+00,9.556432345982305065e+00,1.916411652281780453e+00,9.310331249396522679e+00,6.796672261954455507e+00,9.992563558246652988e+00,1.120365223032507984e+01,2.768820733859296723e+00,9.397377295221417626e+00,6.481563311380228454e-01,1.022112887515821988e+01,2.918013520674509031e+00,7.834773332019296710e+00,7.600664280874076084e+00,1.218515515270075955e+00,8.708094807575575302e+00,2.821456102882824002e+00,3.795726174925440954e+00,1.550254233452519781e+00,7.223351847784718949e+00,7.124908655436163585e+00,9.336108087088327068e+00,6.330006843656520665e+00,7.654714772396475020e+00,4.677728250822737799e+00,5.728547425914287672e+00,3.388977402347084222e+00,1.672199271319297242e+00,4.124393957051252890e+00,0.000000000000000000e+00,6.896470762686214284e-01
2.618699281441948301e+00,4.265066465150217034e+00,5.968028766290028209e+00,5.287593364572118482e+00,5.079975722677715133e+00,3.726242809800643041e+00,2.036334719938949878e+00,7.878992392179639204e+00,1.070003087752958670e+01,4.147893527860144758e+00,8.941127488469383877e+00,1.287211872635330101e+00,8.696312348683404636e+00,7.430999886538016241e+00,9.353165158149254310e+00,1.072735500646379592e+01,2.084821459570586732e+00,8.968043252827602174e+00,1.334341727225897056e+00,9.770677448863132497e+00,3.439373937284156302e+00,7.273187866795741918e+00,6.963928006029513007e+00,1.848588511802886636e+00,8.044710229883435204e+00,3.504523864812013834e+00,3.603727621280789606e+00,2.025366589849974197e+00,6.807254226140102560e+00,6.499616368331007088e+00,9.915507334230156289e+00,5.682223588901771372e+00,8.217631136712704176e+00,4.332483852797251345e+00,5.362779990950282460e+00,2.701329163383044740e+00,1.363203733910169912e+00,3.878938068004696760e+00,6.896470762686214284e-01,0.000000000000000000e+00
