0.000000000000000000e+00,1.179427328415343146e+00,1.023747553283154810e+00,1.165281758771185228e+00,1.018230967822622679e+00,2.988392853303764585e-01,5.847003773186058240e+00,1.427886179292713553e+00,7.077599546020597820e+00,1.984291512752988096e+00,1.493264822890744581e+00,2.132533232575108517e+00,1.822897148123545197e+00,1.455177265073004378e+00,2.224945417949879545e+00,1.522263613851729591e+00,1.930848936396317050e+00,2.768036430771589007e+00,3.224887865907138274e+00,1.833282029530889146e+00,1.164709395909609757e+00,1.349748949681188304e+00,6.221640304764918028e+00,3.509444632713694112e+00,1.626355995191958392e+00,7.205496141147208489e-01,3.961869020868485691e+00,9.684280755834810961e-01,5.345127915619247716e+00,1.605192566767076112e+00,2.345877182401897354e+00,1.120787038798423341e+00,6.341930861028598265e+00,3.784779487605245851e+00,1.665173962049230738e+00,2.813549188304222515e+00,2.450977958286251646e+00,1.716029927487545237e+00,2.242003983742931084e+00,2.874632953115813905e+00,3.932690392356235076e+00,1.789512134236064478e+00,2.978452600164707142e+00,2.176432624377331315e+00,3.321695917521432673e+00,3.124241625389261756e+00,2.545368522821763069e+00,3.122916173136269347e+00,1.811232344081710632e+00,1.917272571594014430e+00,1.926840327784271611e+00,2.262216785114623541e+00,1.732681188358887736e+00,2.880022326038242930e+00,2.108254682132548741e+00,2.528841052181735716e+00,1.950387186518842242e+00,5.412823692217394012e+00,1.998091693987441797e+00,2.456836846371739824e+00,1.851827846394743071e+00,5.342266224106421157e-01,4.548799543886017815e+00,2.515151084773812773e+00,3.841685581871455035e+00,2.160958545406188147e+00,2.871459478906134066e+00,2.731031177271003418e+00,2.487471099376103112e+00,3.616089868137593921e+00
1.179427328415343146e+00,0.000000000000000000e+00,1.357936973293502492e+00,1.232538671634111349e+00,1.768908420991395669e+00,1.045765157537149825e+00,4.879983131464528334e+00,8.206330702314023062e-01,6.192567751945566634e+00,8.139311983957574492e-01,7.651981668107493695e-01,1.309349640720974151e+00,2.801480902174541932e+00,9.085092265882638296e-01,3.215474057146178399e+00,2.683663556355737168e+00,3.079735739712751830e+00,1.814639047058840493e+00,4.207074509420652753e+00,8.377471711925972286e-01,9.347564391572894538e-01,2.435883193166064054e+00,5.359883915646094010e+00,4.063536943733335960e+00,2.410246934946066677e+00,1.870616447455926146e+00,4.845386450130575007e+00,1.096606028722084236e+00,4.340665405446007874e+00,1.393713225295252212e+00,3.339643714819967357e+00,2.171780763308321038e+00,5.517747854010241149e+00,4.715540344876378853e+00,1.313916341233021479e+00,3.174706243803910422e+00,1.539406667682526431e+00,8.439456859517130427e-01,1.067514352018670731e+00,1.813000391664289612e+00,4.452361189604904013e+00,7.256465085160677120e-01,1.824843678923835366e+00,2.880478727854884458e+00,2.151907484539977489e+00,3.578150453854527235e+00,3.614103452828263841e+00,2.303361507909198025e+00,1.039662043846998785e+00,2.095127595479283844e+00,8.850800143822552535e-01,1.460074698551260930e+00,2.894142444443235984e+00,2.101122967023302479e+00,9.296358177934670453e-01,3.649237143115883431e+00,2.289477261976717415e+00,4.530679306398462280e+00,2.012730310608706663e+00,1.445308766333474493e+00,7.305729967236772593e-01,1.222102883995255906e+00,3.535352841106477850e+00,1.841498196507354246e+00,2.818932775446068462e+00,1.115656305599038944e+00,1.706497225824254338e+00,1.626957230000425580e+00,2.578075138290184753e+00,2.767818016742287224e+00
1.023747553283154810e+00,1.357936973293502492e+00,0.000000000000000000e+00,2.736583059819613917e-01,5.498547500237016550e-01,1.245163674871963222e+00,6.226973196451589310e+00,9.322051958721323528e-01,7.549773130300235557e+00,2.073393431145181154e+00,2.032733771475890183e+00,2.643796682286059241e+00,1.601583093900097454e+00,8.892481795215683160e-01,1.998287985493028662e+00,1.847977175571803299e+00,2.148872582618142069e+00,3.172451403554995331e+00,2.946397192229867290e+00,1.505864726477175175e+00,1.921973527157951667e+00,1.435490724707002563e+00,6.717809316508399853e+00,2.722556904853452142e+00,1.100258414129968942e+00,1.183028606501740798e+00,3.517791062208840636e+00,1.848467753714928330e+00,5.677935388258062765e+00,7.072161611943874604e-01,2.119026038607645379e+00,1.167390251433309212e+00,6.874230721756803497e+00,3.411401538196410677e+00,2.427048574847911588e+00,1.893142216660353983e+00,2.894768187463894193e+00,1.303834298636211919e+00,2.159902186549544023e+00,3.148079799369861043e+00,3.123231649504451202e+00,2.081341040350636273e+00,2.734052754312216837e+00,1.527943636077515821e+00,3.330334974953514493e+00,2.262784692899816541e+00,2.469924042553100829e+00,3.651154308486778799e+00,2.346959059617339083e+00,9.041421038582562186e-01,2.241436259504226758e+00,2.792385669888669764e+00,2.032330008948135092e+00,3.438123368069371466e+00,2.128888303930193349e+00,2.597394487204991442e+00,9.959920624012372770e-01,5.888555481478136677e+00,9.758257299785993988e-01,2.800010158057444354e+00,2.065769246623212041e+00,1.530749992687422623e+00,4.873244755505003134e+00,3.140747016727716723e+00,4.158254018960642284e+00,2.468270430882409272e+00,2.677633809941129428e+00,2.940032249880769832e+00,1.470666191890577679e+00,4.122276750409127111e+00
1.165281758771185228e+00,1.232538671634111349e+00,2.736583059819613917e-01,0.000000000000000000e+00,8.214485413712090400e-01,1.340524906970771202e+00,6.058577852511070283e+00,6.840993584435083319e-01,7.399256859175189938e+00,1.886810938600337550e+00,1.955791221871524765e+00,2.539987861338857567e+00,1.861493343469413642e+00,6.306884045398900573e-01,2.251864681875307195e+00,2.118183252487100265e+00,2.422464735739755959e+00,3.031588155043256183e+00,3.183697086508831209e+00,1.260670297930402306e+00,1.913499037249079882e+00,1.709100603702894627e+00,6.575545762079801015e+00,2.834079881005985957e+00,1.334446054828253736e+00,1.430486758507304001e+00,3.722028936986367498e+00,1.885184698332745601e+00,5.501257682144380823e+00,4.608683136502620403e-01,2.371070957874569896e+00,1.440481723321458629e+00,6.740890955647674154e+00,3.629961090743562657e+00,2.403093628123006198e+00,1.946925600129813638e+00,2.768259296684890458e+00,1.052013839364847492e+00,1.938252815325728795e+00,2.977650493392964393e+00,3.220039538078407482e+00,1.939584398269782017e+00,2.480936424199785773e+00,1.715260817973667473e+00,3.107576964462930302e+00,2.345709976745780967e+00,2.732567795761533080e+00,3.535432297258145340e+00,2.257657934424936563e+00,8.850301703260841091e-01,2.099544189734146471e+00,2.690376981683961333e+00,2.304319400964577103e+00,3.333125453408128269e+00,1.926923376525506493e+00,2.867632152004727875e+00,1.057128933713083585e+00,5.744048469460928175e+00,8.755257478715190445e-01,2.650982763965678224e+00,1.906558859227101221e+00,1.632214776621815799e+00,4.698560890093999021e+00,3.059300366579028374e+00,3.986566571457240471e+00,2.318247851739170695e+00,2.431270473254631082e+00,2.759056980223189015e+00,1.419355266656450620e+00,3.996017254842520128e+00
1.018230967822622679e+00,1.768908420991395669e+00,5.498547500237016550e-01,8.214485413712090400e-01,0.000000000000000000e+00,1.307753184731997864e+00,6.643323695388684946e+00,1.473818641045210764e+00,7.934002882335041917e+00,2.540874870068481783e+00,2.346769865426122426e+00,2.984014383145014104e+00,1.067270269104739544e+00,1.436294342809579350e+00,1.473725819565929296e+00,1.337437170987552104e+00,1.610101252302642338e+00,3.562218963037253161e+00,2.447708155043399891e+00,2.041331485854841699e+00,2.127121654906368065e+00,8.985256793413012311e-01,7.090293451503574040e+00,2.492965809756006568e+00,6.525854461163701492e-01,8.107286699471561997e-01,3.080884556956327014e+00,1.974728962480921446e+00,6.108750812025733445e+00,1.217452282331787039e+00,1.596665539814758672e+00,6.425143901977968808e-01,7.231312358542596463e+00,2.946642988943249719e+00,2.639553660559503356e+00,1.820837853050871313e+00,3.266067510415171071e+00,1.845291075056523011e+00,2.668027696167807772e+00,3.581889521270849031e+00,2.915046564352189229e+00,2.489597609306881676e+00,3.272847969350247688e+00,1.176770512080028919e+00,3.833924575294681780e+00,2.109735872001811341e+00,1.927940403092803345e+00,3.996278375213376588e+00,2.670975451861751893e+00,1.091435298335254878e+00,2.646496605375188604e+00,3.127006502504515506e+00,1.509155890222114937e+00,3.768138094272102556e+00,2.614476490850728752e+00,2.047629043888857137e+00,1.015076389931798051e+00,6.267307769175642029e+00,1.277464353465462166e+00,3.206414571839937278e+00,2.498082090557987467e+00,1.548487112544786548e+00,5.303581266827077201e+00,3.435938898215628701e+00,4.587191667799606520e+00,2.880838536494116919e+00,3.210017598565746866e+00,3.390515995720513320e+00,1.635782013222260245e+00,4.480348337808263359e+00
2.988392853303764585e-01,1.045765157537149825e+00,1.245163674871963222e+00,1.340524906970771202e+00,1.307753184731997864e+00,0.000000000000000000e+00,5.578205013568616977e+00,1.468003805089159064e+00,6.795063606945390688e+00,1.816495028142286250e+00,1.232323299623792501e+00,1.863121404900321521e+00,2.114606017231376978e+00,1.512404120476138703e+00,2.513113864613747861e+00,1.751549853334710694e+00,2.167813402054477478e+00,2.509838558529362551e+00,3.510772457607256758e+00,1.791173720583227880e+00,8.716348900750540141e-01,1.624701900529401666e+00,5.937342580287963578e+00,3.800706233626476749e+00,1.923928178394898270e+00,9.783634141543167129e-01,4.256594953206952248e+00,6.705035168515947053e-01,5.084784301776040571e+00,1.749903637633265729e+00,2.633037613407180899e+00,1.407720181458272934e+00,6.053776289608074457e+00,4.075791953592755590e+00,1.367767056760233357e+00,3.083672312369367230e+00,2.189343294151423258e+00,1.706623203984192871e+00,2.110172456420771780e+00,2.640810599667499314e+00,4.222523830177128623e+00,1.576937820881792796e+00,2.870358343681942426e+00,2.472533196911012698e+00,3.141522873774473812e+00,3.406057184196273457e+00,2.815807808684085867e+00,2.842305886233271739e+00,1.542810855524971103e+00,2.149030760058619816e+00,1.703652962014535310e+00,1.987924279856373211e+00,1.959462631201362548e+00,2.596763687989890101e+00,1.953732170400138246e+00,2.779662607728378809e+00,2.207796572469503005e+00,5.132044261315140687e+00,2.203225775147028553e+00,2.214812421917771168e+00,1.656703913440507492e+00,2.918030957486335009e-01,4.292612308760354267e+00,2.225721043844822056e+00,3.590521966658942077e+00,1.932828682549134758e+00,2.751806892264941240e+00,2.513358667499150378e+00,2.715596993652001689e+00,3.336190871451012008e+00
5.847003773186058240e+00,4.879983131464528334e+00,6.226973196451589310e+00,6.058577852511070283e+00,6.643323695388684946e+00,5.578205013568616977e+00,0.000000000000000000e+00,5.438664119908453998e+00,1.439076460675540403e+00,4.175650996596569797e+00,4.354029997880618730e+00,3.715499943269008121e+00,7.640775350981395597e+00,5.522543841854719027e+00,8.052443176718446338e+00,7.309183144365112739e+00,7.728900628234829817e+00,3.088055120780712315e+00,9.053737591971014353e+00,4.933962900115574257e+00,4.735111113764021162e+00,7.196747856201191951e+00,8.966884488534521136e-01,8.861109077353297891e+00,7.289286841795849625e+00,6.556450267954549993e+00,9.723762865641928599e+00,5.021925275450664472e+00,5.985907733390393171e-01,6.039769375859365574e+00,8.175699800401201145e+00,6.960732376561084678e+00,1.195964993081444661e+00,9.584607262767887548e+00,4.322373746145497186e+00,7.900868733493679130e+00,3.398336130977227754e+00,5.145709983668230514e+00,4.214043933962805077e+00,3.081129746997123942e+00,9.216380356519294992e+00,4.155247061855293467e+00,4.086886799177976037e+00,7.754853002464092704e+00,3.190987035700111552e+00,8.337623453241809202e+00,8.391906618634898507e+00,2.761937256261685736e+00,4.036498741609666041e+00,6.824202236681768063e+00,3.997313897367061664e+00,3.591387966043746438e+00,7.510357616546606607e+00,3.017101730368025869e+00,4.158524621917448094e+00,8.351774745347221085e+00,7.077650338462090573e+00,7.152257735826347274e-01,6.651672152116552716e+00,3.436986929512171329e+00,4.161233405404330732e+00,5.520239929736708184e+00,1.366522872076786577e+00,3.422646936624546665e+00,2.072264113209668412e+00,3.764426758456067557e+00,4.013343880975670963e+00,3.303736472586154438e+00,7.171061775021639662e+00,2.275713776189256521e+00
1.427886179292713553e+00,8.206330702314023062e-01,9.322051958721323528e-01,6.840993584435083319e-01,1.473818641045210764e+00,1.468003805089159064e+00,5.438664119908453998e+00,0.000000000000000000e+00,6.803365249211030807e+00,1.269238186294765036e+00,1.582611939721343175e+00,2.073946763930072379e+00,2.533607811043326663e+00,9.235982587558566603e-02,2.929941819314267004e+00,2.690852330081060728e+00,3.031320815158244919e+00,2.476473196881701089e+00,3.867741413399109263e+00,5.766108437067662962e-01,1.713679165545036298e+00,2.325013748974650518e+00,5.994626905731208488e+00,3.422805492207744216e+00,2.018399573750761178e+00,1.926807315407458088e+00,4.395723845690060472e+00,1.800948145535231637e+00,4.870945707845296013e+00,6.189383277998390387e-01,3.050225520206230279e+00,2.049558436086309943e+00,6.174372834878914418e+00,4.310632334263842402e+00,2.130625801523072571e+00,2.476570117418816164e+00,2.246947902946958120e+00,3.717893710980841870e-01,1.266523465600675635e+00,2.369637628261588524e+00,3.785346888225362694e+00,1.413774847304722027e+00,1.801849447119090009e+00,2.384890757251630689e+00,2.431027942035922429e+00,2.904970540795825062e+00,3.400520326297449714e+00,3.022004155419518945e+00,1.836459082418421707e+00,1.390190347620588573e+00,1.566213303939210988e+00,2.223455594559939019e+00,2.889436573888382043e+00,2.844824252284998689e+00,1.281746531001765721e+00,3.515563740172250373e+00,1.639642390893516044e+00,5.161982162011669040e+00,1.251317826823303614e+00,2.086977449099429727e+00,1.343785297302967585e+00,1.735072624179166745e+00,4.073292568009349246e+00,2.627468669706521265e+00,3.368782320522202944e+00,1.760298879761329927e+00,1.747901540341499027e+00,2.136048899806765267e+00,1.808994114382812990e+00,3.456615949597632742e+00
7.077599546020597820e+00,6.192567751945566634e+00,7.549773130300235557e+00,7.399256859175189938e+00,7.934002882335041917e+00,6.795063606945390688e+00,1.439076460675540403e+00,6.803365249211030807e+00,0.000000000000000000e+00,5.534233629901661011e+00,5.601042545074633061e+00,4.957753667115078144e+00,8.894775026688686026e+00,6.889870985736801678e+00,9.301217143943880217e+00,8.483916920401508577e+00,8.901802001863208247e+00,4.378360070416194461e+00,1.030219809086816518e+01,6.320149959828074593e+00,5.929590575981192657e+00,8.419325739957432830e+00,8.653290107256330632e-01,1.022252837032853989e+01,8.585440644899929197e+00,7.768441295662717572e+00,1.100988901535722775e+01,6.192840233024216268e+00,2.036958447767566849e+00,7.413258947340247929e+00,9.422821355857474046e+00,8.198365996358093710e+00,8.481008410625315852e-01,1.085311029772254088e+01,5.472525794865565452e+00,9.277201396240560172e+00,4.668054043544163534e+00,6.527707257318380307e+00,5.606573326898302234e+00,4.433729184854486860e+00,1.058864175942545494e+01,5.468457188910980094e+00,5.519623204894140045e+00,9.072238503550376976e+00,4.620382706946431384e+00,9.708314267408951537e+00,9.604906771826039247e+00,3.954927561896141697e+00,5.276761133790066616e+00,8.193396581489492903e+00,5.308337404556508154e+00,4.820626496544051953e+00,8.677422653194492241e+00,4.198322355559427344e+00,5.532753246957371474e+00,9.532959830926934330e+00,8.435396431567575348e+00,1.667350497092026096e+00,8.033624155861536664e+00,4.750639225918933839e+00,5.492712202003414035e+00,6.700463234501470744e+00,2.768202049671073084e+00,4.577702704742420359e+00,3.443550099844439494e+00,5.083123630627184752e+00,5.441205676093731292e+00,4.671180796101404020e+00,8.563623731138539696e+00,3.462744638278748788e+00
1.984291512752988096e+00,8.139311983957574492e-01,2.073393431145181154e+00,1.886810938600337550e+00,2.540874870068481783e+00,1.816495028142286250e+00,4.175650996596569797e+00,1.269238186294765036e+00,5.534233629901661011e+00,0.000000000000000000e+00,9.157464617450630229e-01,1.018167359969474939e+00,3.592900826457277041e+00,1.356408657251855887e+00,4.005676366504506092e+00,3.496365542211159028e+00,3.893600071928881690e+00,1.236723745757017712e+00,4.988450207748546639e+00,8.410871292918511433e-01,1.372513886014662621e+00,3.246896704381778243e+00,4.726461848670583166e+00,4.689887563343792642e+00,3.163744484701041859e+00,2.683627732987825976e+00,5.590988601814581571e+00,1.649732557150847212e+00,3.614788480508924540e+00,1.882375278005053998e+00,4.129636801699104076e+00,2.980492200300687955e+00,4.909758451034634597e+00,5.478136501418695126e+00,1.487331384870775652e+00,3.745025547259603904e+00,1.063604737504649789e+00,1.022314736163625337e+00,3.953974626816778026e-01,1.100557652999024860e+00,5.054577162985902206e+00,4.104983812191432824e-01,1.155197149295104531e+00,3.596093837572846397e+00,1.338778180890015213e+00,4.174186531351337770e+00,4.418732957214800194e+00,1.816721407677034827e+00,9.421224413010814702e-01,2.659420532341650212e+00,4.650593373326383784e-01,1.143685782645087468e+00,3.706955799032459531e+00,1.679683755245388044e+00,1.668824745792047703e-01,4.461609244978673061e+00,2.903812042211603384e+00,3.893944794204424298e+00,2.509412662458330168e+00,8.486571940283684778e-01,2.560866720455218792e-01,1.936504696362667977e+00,2.813012092713533807e+00,1.570879956919686293e+00,2.103653571167444003e+00,5.545666298931185567e-01,1.006825032955801724e+00,8.727086072251297733e-01,3.054983136408835342e+00,2.216721411081287396e+00
1.493264822890744581e+00,7.651981668107493695e-01,2.032733771475890183e+00,1.955791221871524765e+00,2.346769865426122426e+00,1.232323299623792501e+00,4.354029997880618730e+00,1.582611939721343175e+00,5.601042545074633061e+00,9.157464617450630229e-01,0.000000000000000000e+00,6.436059363176650505e-01,3.295966953039019653e+00,1.671848692886145127e+00,3.704896725030067284e+00,2.981882346364304492e+00,3.399285579427023585e+00,1.277602991053748971e+00,4.706794429996763895e+00,1.464753274688026297e+00,5.013320738852233838e-01,2.842943717205980381e+00,4.751038763797033937e+00,4.754954926059850706e+00,2.999134352817306670e+00,2.206862346630699800e+00,5.410984152924253721e+00,8.137330727958439480e-01,3.853632008615715421e+00,2.156843062086737373e+00,3.827418738526079167e+00,2.607816140373725222e+00,4.885945485513591535e+00,5.252222805826054497e+00,6.039053415848132378e-01,3.901554916855221489e+00,9.582058261408902267e-01,1.542760682678580464e+00,1.308453121865724267e+00,1.431340486551505364e+00,5.155434481865817098e+00,5.182347481007195666e-01,2.066851058135374508e+00,3.510330463606018636e+00,2.059931773088074181e+00,4.290214027854524659e+00,4.038617077753155371e+00,1.651381205678892128e+00,3.248958516955231524e-01,2.835324893166089932e+00,5.675639916639914073e-01,7.818239820108049409e-01,3.188542048450769606e+00,1.421423191081089943e+00,1.082550732718154718e+00,4.011805791458343151e+00,3.006647404269855883e+00,3.933899407776917823e+00,2.769968285336908309e+00,9.962749291374589644e-01,6.651532726363642567e-01,1.230754955297509223e+00,3.060329939766475160e+00,1.108123827775685522e+00,2.359011537597779817e+00,7.565523552847934763e-01,1.913651181140567203e+00,1.342845057116405449e+00,3.334922457887760316e+00,2.139501342308088638e+00
2.132533232575108517e+00,1.309349640720974151e+00,2.643796682286059241e+00,2.539987861338857567e+00,2.984014383145014104e+00,1.863121404900321521e+00,3.715499943269008121e+00,2.073946763930072379e+00,4.957753667115078144e+00,1.018167359969474939e+00,6.436059363176650505e-01,0.000000000000000000e+00,3.939496196089820046e+00,2.166241926398625672e+00,4.348156174341702318e+00,3.603331868581833408e+00,4.022355114941717602e+00,6.671708636129485281e-01,5.350015438764793352e+00,1.801863810640394803e+00,1.042410729785293366e+00,3.481964003014756504e+00,4.108815568356352088e+00,5.363677503231897958e+00,3.636593933397870959e+00,2.841111794450885686e+00,6.053223367077589678e+00,1.350664581691522370e+00,3.224824839777987950e+00,2.681389995475141230e+00,4.470563744234691939e+00,3.249808184165503544e+00,4.247380223719387615e+00,5.895727037110900071e+00,7.718287139478785530e-01,4.484021626413801087e+00,3.448235381343107142e-01,1.939469034002348380e+00,1.373804629836599345e+00,9.242942559014433179e-01,5.757305024022803863e+00,6.816018669550849562e-01,2.003715925248831908e+00,4.140798952317676473e+00,1.719686968642078151e+00,4.885338724431566249e+00,4.676582579074627155e+00,1.012683294924987099e+00,3.213098592047389235e-01,3.403627113070051280e+00,5.609055039626199557e-01,1.508496757874522309e-01,3.807641189907462920e+00,7.945788546777221573e-01,1.150474486581049005e+00,4.640514016773831685e+00,3.597043703362643896e+00,3.290513779648232884e+00,3.309866407717026782e+00,5.133570045040961594e-01,8.019647212909537526e-01,1.825206949114557498e+00,2.439341530827119797e+00,5.650875512287228952e-01,1.752261932406006917e+00,5.151173184401083294e-01,1.839181076955523464e+00,9.379622476909638129e-01,3.873873610007148471e+00,1.497332691202306165e+00
1.822897148123545197e+00,2.801480902174541932e+00,1.601583093900097454e+00,1.861493343469413642e+00,1.067270269104739544e+00,2.114606017231376978e+00,7.640775350981395597e+00,2.533607811043326663e+00,8.894775026688686026e+00,3.592900826457277041e+00,3.295966953039019653e+00,3.939496196089820046e+00,0.000000000000000000e+00,2.489620501012036247e+00,4.141026446318913368e-01,9.092410272418480766e-01,8.711438581122571412e-01,4.552765652419346942e+00,1.413024422842120709e+00,3.105326924000526123e+00,2.986050291611704210e+00,5.742948766498473523e-01,8.041110914903454088e+00,2.058599694292414739e+00,6.088260373887094401e-01,1.188940553386656385e+00,2.145828957475055088e+00,2.762721918874952554e+00,7.121035686790152752e+00,2.189990726351714656e+00,5.382603594937448444e-01,7.119011121733322955e-01,8.164354222003387562e+00,1.961890509899064439e+00,3.478636491182480750e+00,1.842519766595917874e+00,4.244304777176699517e+00,2.905338148474405191e+00,3.734032631838632543e+00,4.607235078412579732e+00,2.479257908313177161e+00,3.507675554430579101e+00,4.335284309806242575e+00,8.321495597197667848e-01,4.897789825676544417e+00,1.903665866570126930e+00,8.727806225941198148e-01,4.940263353102769983e+00,3.619199010977899977e+00,1.740883776653930459e+00,3.660131460085300770e+00,4.074499436339367620e+00,9.312811192830936502e-01,4.700078628343338671e+00,3.673957282657409174e+00,1.059542490175715335e+00,1.485473149869244169e+00,7.228373149835872979e+00,2.008141115310111413e+00,4.214269826900058469e+00,3.531393355128803702e+00,2.265764924418868453e+00,6.317997512298044960e+00,4.338048173354163595e+00,5.603346819020686986e+00,3.896846041707019204e+00,4.275716454924222809e+00,4.428396874765867963e+00,2.104954278896138398e+00,5.432032682859023964e+00
1.455177265073004378e+00,9.085092265882638296e-01,8.892481795215683160e-01,6.306884045398900573e-01,1.436294342809579350e+00,1.512404120476138703e+00,5.522543841854719027e+00,9.235982587558566603e-02,6.889870985736801678e+00,1.356408657251855887e+00,1.671848692886145127e+00,2.166241926398625672e+00,2.489620501012036247e+00,0.000000000000000000e+00,2.882219500762790432e+00,2.676975418495352255e+00,3.009460170312685090e+00,2.567109072872703734e+00,3.811712707615030560e+00,6.372219787339032937e-01,1.792456565608668839e+00,2.300164665359760274e+00,6.082590435690772068e+00,3.338565311914017286e+00,1.963424122250031045e+00,1.924817797499138949e+00,4.327802484156745955e+00,1.870381014242957107e+00,4.953373375215338825e+00,5.283601412008026577e-01,3.001641466550128978e+00,2.025718189027957195e+00,6.263373565969479806e+00,4.247210350861569950e+00,2.215760103537450121e+00,2.388646706164361255e+00,2.338864125411368899e+00,4.234209186070098663e-01,1.340589075722891987e+00,2.456311376089542087e+00,3.698810488768116134e+00,1.505974349819008129e+00,1.850305294850414617e+00,2.316484983821577970e+00,2.500631031600422105e+00,2.818576480937596607e+00,3.359029797553386931e+00,3.113879121784427717e+00,1.927841713644581123e+00,1.303604598432371642e+00,1.658187129302995722e+00,2.315778389255873204e+00,2.873146508500715957e+00,2.937108621169001399e+00,1.364368105600435088e+00,3.482444893602054226e+00,1.557757374224465474e+00,5.249991419859694197e+00,1.160238897355057475e+00,2.177410706066535528e+00,1.435030344019980530e+00,1.784916271214428418e+00,4.156756767451508239e+00,2.719491203880556096e+00,3.453604329382960803e+00,1.851302204727104606e+00,1.803012642160590318e+00,2.221053493728236017e+00,1.717108677719424659e+00,3.547573297114599455e+00
2.224945417949879545e+00,3.215474057146178399e+00,1.998287985493028662e+00,2.251864681875307195e+00,1.473725819565929296e+00,2.513113864613747861e+00,8.052443176718446338e+00,2.929941819314267004e+00,9.301217143943880217e+00,4.005676366504506092e+00,3.704896725030067284e+00,4.348156174341702318e+00,4.141026446318913368e-01,2.882219500762790432e+00,0.000000000000000000e+00,1.110684406878037045e+00,9.045303144912187898e-01,4.964633672335351910e+00,1.001912993214400860e+00,3.504128365303814441e+00,3.384562613462795522e+00,9.172649104976007273e-01,8.446242338182273102e+00,1.927813503481197399e+00,9.430998238478305318e-01,1.564859054342968792e+00,1.769022610366367765e+00,3.152112047091176539e+00,7.534148689727409476e+00,2.554821474908337109e+00,1.241710201655551321e-01,1.105393688696453713e+00,8.566425873406537050e+00,1.565809816876512883e+00,3.871740433208823884e+00,1.923817619210749230e+00,4.655165624698261340e+00,3.301073884106439760e+00,4.141738878797831092e+00,5.021258353358238224e+00,2.326156227479591276e+00,3.921626650679097548e+00,4.731416385475432307e+00,9.396795089555116665e-01,5.307257807693823715e+00,1.886853795780308429e+00,5.317566819528470878e-01,5.346304626622958800e+00,4.027469388558591490e+00,2.033367996534275690e+00,4.073899484278356908e+00,4.482016534473288516e+00,1.052566769525631996e+00,5.104661494755530882e+00,4.085168243380260300e+00,8.164710445693010854e-01,1.750611043837214220e+00,7.635421232906661082e+00,2.309049620319817642e+00,4.627597585316057582e+00,3.945455614653784693e+00,2.649999716112594772e+00,6.731352939708301619e+00,4.738683879628904805e+00,6.016896564866701880e+00,4.310656990959325086e+00,4.675752798347581063e+00,4.842413233048223908e+00,2.323127914014556872e+00,5.838727553745635568e+00
1.522263613851729591e+00,2.683663556355737168e+00,1.847977175571803299e+00,2.118183252487100265e+00,1.337437170987552104e+00,1.751549853334710694e+00,7.309183144365112739e+00,2.690852330081060728e+00,8.483916920401508577e+00,3.496365542211159028e+00,2.981882346364304492e+00,3.603331868581833408e+00,9.092410272418480766e-01,2.676975418495352255e+00,1.110684406878037045e+00,0.000000000000000000e+00,4.197349955274173317e-01,4.257860515548342661e+00,1.967000608036846510e+00,3.211312207471973323e+00,2.574080568365009203e+00,4.791291535026440673e-01,7.620488097426246554e+00,2.964654893087402598e+00,1.312039651097487880e+00,8.131505181917033642e-01,2.820647612525818637e+00,2.293912333717232688e+00,6.828145487454278850e+00,2.546276908950651396e+00,1.191161391780981571e+00,6.958774997820249553e-01,7.715361036560080876e+00,2.575938031000735151e+00,3.011512475924988053e+00,2.701730033665955322e+00,3.935711706792480058e+00,3.045430284086814599e+00,3.724590775619424754e+00,4.389987152882318000e+00,3.382014740385844487e+00,3.311175560640491788e+00,4.421891616285337889e+00,1.715508766651942851e+00,4.835111634502926137e+00,2.804208184100509094e+00,1.173631515081315024e+00,4.554177602909859957e+00,3.285906857099233580e+00,2.347545189068276805e+00,3.446195006431354013e+00,3.720386707336824639e+00,2.106944222740071981e-01,4.302155195891783634e+00,3.611325908548352448e+00,1.049132484376551711e+00,2.165951058915259519e+00,6.832434274605994950e+00,2.575868592097959819e+00,3.966036260719557838e+00,3.373441178868916701e+00,1.789986947579159882e+00,6.040074477473522663e+00,3.909735226009376952e+00,5.340892836980657421e+00,3.678695422072258747e+00,4.331729785303372715e+00,4.252494131967071489e+00,2.819292401932992576e+00,5.047103306854626048e+00
1.930848936396317050e+00,3.079735739712751830e+00,2.148872582618142069e+00,2.422464735739755959e+00,1.610101252302642338e+00,2.167813402054477478e+00,7.728900628234829817e+00,3.031320815158244919e+00,8.901802001863208247e+00,3.893600071928881690e+00,3.399285579427023585e+00,4.022355114941717602e+00,8.711438581122571412e-01,3.009460170312685090e+00,9.045303144912187898e-01,4.197349955274173317e-01,0.000000000000000000e+00,4.675888886683701173e+00,1.618728014750743682e+00,3.568891126899380595e+00,2.993805894650499511e+00,7.133990310595351714e-01,8.038100446056860804e+00,2.829727742167364557e+00,1.415226714898073945e+00,1.213423308274111712e+00,2.492832732763451187e+00,2.713135185729463217e+00,7.247173006241456328e+00,2.826563581601381436e+00,9.482685200046169216e-01,9.844428632948031277e-01,8.131170190106525197e+00,2.230338815760702253e+00,3.429789016841767069e+00,2.712306423098825192e+00,4.354047403787787651e+00,3.393634451752612691e+00,4.108677233517400218e+00,4.803276806501821206e+00,3.230604225512230254e+00,3.720212943044137521e+00,4.789949360540618706e+00,1.699780427532672666e+00,5.231374542998705301e+00,2.746927054987594374e+00,8.078788773180425320e-01,4.973797232922531286e+00,3.704566812982253765e+00,2.525853941199078356e+00,3.857346638403398309e+00,4.139883342184292658e+00,2.289602139607855580e-01,4.721662080555028673e+00,4.003889537690525025e+00,6.336169519675346473e-01,2.304705915702654817e+00,7.251306423314993310e+00,2.775060845294230472e+00,4.381060014634748256e+00,3.778365554226638778e+00,2.209651997815035518e+00,6.458369918319017522e+00,4.328668637923494877e+00,5.758137551040699798e+00,4.090791876772334135e+00,4.705800040252514194e+00,4.661742734412609224e+00,2.945213826310109528e+00,5.466645307104407436e+00
2.768036430771589007e+00,1.814639047058840493e+00,3.172451403554995331e+00,3.031588155043256183e+00,3.562218963037253161e+00,2.509838558529362551e+00,3.088055120780712315e+00,2.476473196881701089e+00,4.378360070416194461e+00,1.236723745757017712e+00,1.277602991053748971e+00,6.671708636129485281e-01,4.552765652419346942e+00,2.567109072872703734e+00,4.964633672335351910e+00,4.257860515548342661e+00,4.675888886683701173e+00,0.000000000000000000e+00,5.965760769817011422e+00,2.076623905500833978e+00,1.708346040771257401e+00,4.116369176790294127e+00,3.545941387899799846e+00,5.864602134209061290e+00,4.211658848158358559e+00,3.483950133518232128e+00,6.642703832439111444e+00,2.017781357201126280e+00,2.577092172069317400e+00,3.095352089156078623e+00,5.087987637147413089e+00,3.875709553084021763e+00,3.709644837148996288e+00,6.498193880999464156e+00,1.408601874055407599e+00,4.945773584040328075e+00,3.240781655690114227e-01,2.257944322046497643e+00,1.459169860972295174e+00,4.070680002505030481e-01,6.243696750901376546e+00,1.092803186657751668e+00,1.855673088486774480e+00,4.693887997117438537e+00,1.292203506078484443e+00,5.364627684217615489e+00,5.312548725662495919e+00,6.019076508875412790e-01,9.744206619758339905e-01,3.857093927393784316e+00,9.325508242634368283e-01,5.865047717767870594e-01,4.463675742294911153e+00,5.538669636651339934e-01,1.295515087461809767e+00,5.289405770164859355e+00,4.080054655804175923e+00,2.716117096320080027e+00,3.727235133441122450e+00,3.904481099253935272e-01,1.134622325473359616e+00,2.488128405012091982e+00,1.782781794132171527e+00,7.377412405967836984e-01,1.086671744421342733e+00,7.175209944160481079e-01,1.698681483110315193e+00,5.959728645380413248e-01,4.280418885649571514e+00,9.819358370365254274e-01
3.224887865907138274e+00,4.207074509420652753e+00,2.946397192229867290e+00,3.183697086508831209e+00,2.447708155043399891e+00,3.510772457607256758e+00,9.053737591971014353e+00,3.867741413399109263e+00,1.030219809086816518e+01,4.988450207748546639e+00,4.706794429996763895e+00,5.350015438764793352e+00,1.413024422842120709e+00,3.811712707615030560e+00,1.001912993214400860e+00,1.967000608036846510e+00,1.618728014750743682e+00,5.965760769817011422e+00,0.000000000000000000e+00,4.444347259517653193e+00,4.381349926524960914e+00,1.896197026996724766e+00,9.446518759318390579e+00,1.829063231836763226e+00,1.849400710296231765e+00,2.550561147634613501e+00,8.836403170166676757e-01,4.141560663454041169e+00,8.533527848611965894e+00,3.430450806562516775e+00,8.795420867099702500e-01,2.104180604610629057e+00,9.564474295072185939e+00,6.117197521827900664e-01,4.863524415080392238e+00,2.307587172219693894e+00,5.656852707590004137e+00,4.234756374463259476e+00,5.105064874770554262e+00,6.016735873678414670e+00,2.104452452864149059e+00,4.918048066630839266e+00,5.659092549280845041e+00,1.586290416565102390e+00,6.274662455784313586e+00,2.069972139001051481e+00,8.116984989797646488e-01,6.347287843383243811e+00,5.029276229821036281e+00,2.795299608946931968e+00,5.071396045795489194e+00,5.483625684072045203e+00,1.833949434344920082e+00,6.104908789282250225e+00,5.060987423612208325e+00,1.095672251109004902e+00,2.486369328970442272e+00,8.636732637196191220e+00,3.071789492950967482e+00,5.626567644612134877e+00,4.937637774600440288e+00,3.636070778304250961e+00,7.730136646746284868e+00,5.736339123396747119e+00,7.015091783243945223e+00,5.307896977572891473e+00,5.614529868068913743e+00,5.833384986815203455e+00,2.930905837672446612e+00,6.839966773776659181e+00
1.833282029530889146e+00,8.377471711925972286e-01,1.505864726477175175e+00,1.260670297930402306e+00,2.041331485854841699e+00,1.791173720583227880e+00,4.933962900115574257e+00,5.766108437067662962e-01,6.320149959828074593e+00,8.410871292918511433e-01,1.464753274688026297e+00,1.801863810640394803e+00,3.105326924000526123e+00,6.372219787339032937e-01,3.504128365303814441e+00,3.211312207471973323e+00,3.568891126899380595e+00,2.076623905500833978e+00,4.444347259517653193e+00,0.000000000000000000e+00,1.756170000185328206e+00,2.870976769137182139e+00,5.528957938747471879e+00,3.939254909392818416e+00,2.595010267293390349e+00,2.421694807301749908e+00,4.964407491336738865e+00,1.934352170527851911e+00,4.356633678518609720e+00,1.116394295753571519e+00,3.624871818842654303e+00,2.594880025245576149e+00,5.722764434158437830e+00,4.884287369128064604e+00,2.064763001094802597e+00,2.968050289021652688e+00,1.897863087462720477e+00,2.183300695581377182e-01,7.226101674363669680e-01,1.903793487202327661e+00,4.284520129132294741e+00,1.122048980944592156e+00,1.231970730236495060e+00,2.953111609447813812e+00,1.867167747312484583e+00,3.407773752823755942e+00,3.969262436065418065e+00,2.657381516856462511e+00,1.635683291209246715e+00,1.901231172366103062e+00,1.246201455094512189e+00,1.941588810603655402e+00,3.414884004180666288e+00,2.513390807782526881e+00,7.966785178885514851e-01,4.073132987123919690e+00,2.174081425746256180e+00,4.698477410414603206e+00,1.717781292970702811e+00,1.689592253174759140e+00,1.003835441852145571e+00,2.014764681955875769e+00,3.567756902784418038e+00,2.366683733567829240e+00,2.876628888463857781e+00,1.388936131438553101e+00,1.171929499562497590e+00,1.654644530288068127e+00,2.244009404139888364e+00,3.054377141994812916e+00
1.164709395909609757e+00,9.347564391572894538e-01,1.921973527157951667e+00,1.913499037249079882e+00,2.127121654906368065e+00,8.716348900750540141e-01,4.735111113764021162e+00,1.713679165545036298e+00,5.929590575981192657e+00,1.372513886014662621e+00,5.013320738852233838e-01,1.042410729785293366e+00,2.986050291611704210e+00,1.792456565608668839e+00,3.384562613462795522e+00,2.574080568365009203e+00,2.993805894650499511e+00,1.708346040771257401e+00,4.381349926524960914e+00,1.756170000185328206e+00,0.000000000000000000e+00,2.491015398719548912e+00,5.070127958984919303e+00,4.602916451996786229e+00,2.766357195096102561e+00,1.838943506073246859e+00,5.126575846480931453e+00,3.170132782546654648e-01,4.259755001307997446e+00,2.208979014028276122e+00,3.504236273169984983e+00,2.279199477702479992e+00,5.183258608909104836e+00,4.947409529297379649e+00,5.130441628460481462e-01,3.814814713395313639e+00,1.384410366929648362e+00,1.778671000147595382e+00,1.751845939394763185e+00,1.909941140237819912e+00,5.016800836683017017e+00,1.001454730551684547e+00,2.526657236451869792e+00,3.303764477558592372e+00,2.561219865690664399e+00,4.173311238499776366e+00,3.675631137678157412e+00,1.983092314141009282e+00,7.393229757861417006e-01,2.793834438361887607e+00,1.067683340567554984e+00,1.149630604550123891e+00,2.775590213761496283e+00,1.733679522024287545e+00,1.537695934563070743e+00,3.618080131141655276e+00,2.917937508726001994e+00,4.269456846046007392e+00,2.777866281024186978e+00,1.472380896767309100e+00,1.136535108439335362e+00,7.863291532719955956e-01,3.479728698689329658e+00,1.355230631169451971e+00,2.794488349812078720e+00,1.255598699939912244e+00,2.379318533287859694e+00,1.838649764544145748e+00,3.331659846061956642e+00,2.476990100042804510e+00
1.349748949681188304e+00,2.435883193166064054e+00,1.435490724707002563e+00,1.709100603702894627e+00,8.985256793413012311e-01,1.624701900529401666e+00,7.196747856201191951e+00,2.325013748974650518e+00,8.419325739957432830e+00,3.246896704381778243e+00,2.842943717205980381e+00,3.481964003014756504e+00,5.742948766498473523e-01,2.300164665359760274e+00,9.172649104976007273e-01,4.791291535026440673e-01,7.133990310595351714e-01,4.116369176790294127e+00,1.896197026996724766e+00,2.870976769137182139e+00,2.491015398719548912e+00,0.000000000000000000e+00,7.560813920325114346e+00,2.600978255497421010e+00,8.429493443483995208e-01,6.545726006724139623e-01,2.686156484440884284e+00,2.245559466721877673e+00,6.693224239826559341e+00,2.115946344170878568e+00,1.029521495042205803e+00,2.761050826570728423e-01,7.673274547579913119e+00,2.478874735927260708e+00,2.968031857600908374e+00,2.250530481239370495e+00,3.800332140437038042e+00,2.690289122044200010e+00,3.436817548191983818e+00,4.206891985607349227e+00,3.026898486602357163e+00,3.110234159033787638e+00,4.097898420653099727e+00,1.292814301300771795e+00,4.577715439483590387e+00,2.387160488521988366e+00,1.196190556486138812e+00,4.466999895339833770e+00,3.160709222413332409e+00,1.871406244735649427e+00,3.255547609386566066e+00,3.610297227383119534e+00,6.194639784713091846e-01,4.221209629148479969e+00,3.346788107366034382e+00,1.216507090580506212e+00,1.686871535911651510e+00,6.756727075788507619e+00,2.104676667140275459e+00,3.797264368995431738e+00,3.153187936685974080e+00,1.739898946627206788e+00,5.895236952167852706e+00,3.846003590031459751e+00,5.185685316324733840e+00,3.491983392740063419e+00,4.019773426706278130e+00,4.047277445454827038e+00,2.340344603860521566e+00,4.960853443329551915e+00
