0.000000000000000000e+00,1.179427328415343146e+00,1.023747553283154810e+00,1.165281758771185228e+00,1.018230967822622679e+00,2.988392853303764585e-01,5.847003773186058240e+00,1.427886179292713553e+00,7.077599546020597820e+00,1.984291512752988096e+00,1.493264822890744581e+00,2.132533232575108517e+00,1.822897148123545197e+00,1.455177265073004378e+00,2.224945417949879545e+00,1.522263613851729591e+00,1.930848936396317050e+00,2.768036430771589007e+00,3.224887865907138274e+00,1.833282029530889146e+00,1.164709395909609757e+00,1.349748949681188304e+00,6.221640304764918028e+00,3.509444632713694112e+00,1.626355995191958392e+00,7.205496141147208489e-01,3.961869020868485691e+00,9.684280755834810961e-01,5.345127915619247716e+00,1.605192566767076112e+00,2.345877182401897354e+00,1.120787038798423341e+00,6.341930861028598265e+00,3.784779487605245851e+00,1.665173962049230738e+00,2.813549188304222515e+00,2.450977958286251646e+00,1.716029927487545237e+00,2.242003983742931084e+00,2.874632953115813905e+00,3.932690392356235076e+00,1.789512134236064478e+00,2.978452600164707142e+00,2.176432624377331315e+00,3.321695917521432673e+00,3.124241625389261756e+00,2.545368522821763069e+00,3.122916173136269347e+00,1.811232344081710632e+00,1.917272571594014430e+00
1.179427328415343146e+00,0.000000000000000000e+00,1.357936973293502492e+00,1.232538671634111349e+00,1.768908420991395669e+00,1.045765157537149825e+00,4.879983131464528334e+00,8.206330702314023062e-01,6.192567751945566634e+00,8.139311983957574492e-01,7.651981668107493695e-01,1.309349640720974151e+00,2.801480902174541932e+00,9.085092265882638296e-01,3.215474057146178399e+00,2.683663556355737168e+00,3.079735739712751830e+00,1.814639047058840493e+00,4.207074509420652753e+00,8.377471711925972286e-01,9.347564391572894538e-01,2.435883193166064054e+00,5.359883915646094010e+00,4.063536943733335960e+00,2.410246934946066677e+00,1.870616447455926146e+00,4.845386450130575007e+00,1.096606028722084236e+00,4.340665405446007874e+00,1.393713225295252212e+00,3.339643714819967357e+00,2.171780763308321038e+00,5.517747854010241149e+00,4.715540344876378853e+00,1.313916341233021479e+00,3.174706243803910422e+00,1.539406667682526431e+00,8.439456859517130427e-01,1.067514352018670731e+00,1.813000391664289612e+00,4.452361189604904013e+00,7.256465085160677120e-01,1.824843678923835366e+00,2.880478727854884458e+00,2.151907484539977489e+00,3.578150453854527235e+00,3.614103452828263841e+00,2.303361507909198025e+00,1.039662043846998785e+00,2.095127595479283844e+00
1.023747553283154810e+00,1.357936973293502492e+00,0.000000000000000000e+00,2.736583059819613917e-01,5.498547500237016550e-01,1.245163674871963222e+00,6.226973196451589310e+00,9.322051958721323528e-01,7.549773130300235557e+00,2.073393431145181154e+00,2.032733771475890183e+00,2.643796682286059241e+00,1.601583093900097454e+00,8.892481795215683160e-01,1.998287985493028662e+00,1.847977175571803299e+00,2.148872582618142069e+00,3.172451403554995331e+00,2.946397192229867290e+00,1.505864726477175175e+00,1.921973527157951667e+00,1.435490724707002563e+00,6.717809316508399853e+00,2.722556904853452142e+00,1.100258414129968942e+00,1.183028606501740798e+00,3.517791062208840636e+00,1.848467753714928330e+00,5.677935388258062765e+00,7.072161611943874604e-01,2.119026038607645379e+00,1.167390251433309212e+00,6.874230721756803497e+00,3.411401538196410677e+00,2.427048574847911588e+00,1.893142216660353983e+00,2.894768187463894193e+00,1.303834298636211919e+00,2.159902186549544023e+00,3.148079799369861043e+00,3.123231649504451202e+00,2.081341040350636273e+00,2.734052754312216837e+00,1.527943636077515821e+00,3.330334974953514493e+00,2.262784692899816541e+00,2.469924042553100829e+00,3.651154308486778799e+00,2.346959059617339083e+00,9.041421038582562186e-01
1.165281758771185228e+00,1.232538671634111349e+00,2.736583059819613917e-01,0.000000000000000000e+00,8.214485413712090400e-01,1.340524906970771202e+00,6.058577852511070283e+00,6.840993584435083319e-01,7.399256859175189938e+00,1.886810938600337550e+00,1.955791221871524765e+00,2.539987861338857567e+00,1.861493343469413642e+00,6.306884045398900573e-01,2.251864681875307195e+00,2.118183252487100265e+00,2.422464735739755959e+00,3.031588155043256183e+00,3.183697086508831209e+00,1.260670297930402306e+00,1.913499037249079882e+00,1.709100603702894627e+00,6.575545762079801015e+00,2.834079881005985957e+00,1.334446054828253736e+00,1.430486758507304001e+00,3.722028936986367498e+00,1.885184698332745601e+00,5.501257682144380823e+00,4.608683136502620403e-01,2.371070957874569896e+00,1.440481723321458629e+00,6.740890955647674154e+00,3.629961090743562657e+00,2.403093628123006198e+00,1.946925600129813638e+00,2.768259296684890458e+00,1.052013839364847492e+00,1.938252815325728795e+00,2.977650493392964393e+00,3.220039538078407482e+00,1.939584398269782017e+00,2.480936424199785773e+00,1.715260817973667473e+00,3.107576964462930302e+00,2.345709976745780967e+00,2.732567795761533080e+00,3.535432297258145340e+00,2.257657934424936563e+00,8.850301703260841091e-01
1.018230967822622679e+00,1.768908420991395669e+00,5.498547500237016550e-01,8.214485413712090400e-01,0.000000000000000000e+00,1.307753184731997864e+00,6.643323695388684946e+00,1.473818641045210764e+00,7.934002882335041917e+00,2.540874870068481783e+00,2.346769865426122426e+00,2.984014383145014104e+00,1.067270269104739544e+00,1.436294342809579350e+00,1.473725819565929296e+00,1.337437170987552104e+00,1.610101252302642338e+00,3.562218963037253161e+00,2.447708155043399891e+00,2.041331485854841699e+00,2.127121654906368065e+00,8.985256793413012311e-01,7.090293451503574040e+00,2.492965809756006568e+00,6.525854461163701492e-01,8.107286699471561997e-01,3.080884556956327014e+00,1.974728962480921446e+00,6.108750812025733445e+00,1.217452282331787039e+00,1.596665539814758672e+00,6.425143901977968808e-01,7.231312358542596463e+00,2.946642988943249719e+00,2.639553660559503356e+00,1.820837853050871313e+00,3.266067510415171071e+00,1.845291075056523011e+00,2.668027696167807772e+00,3.581889521270849031e+00,2.915046564352189229e+00,2.489597609306881676e+00,3.272847969350247688e+00,1.176770512080028919e+00,3.833924575294681780e+00,2.109735872001811341e+00,1.927940403092803345e+00,3.996278375213376588e+00,2.670975451861751893e+00,1.091435298335254878e+00
2.988392853303764585e-01,1.045765157537149825e+00,1.245163674871963222e+00,1.340524906970771202e+00,1.307753184731997864e+00,0.000000000000000000e+00,5.578205013568616977e+00,1.468003805089159064e+00,6.795063606945390688e+00,1.816495028142286250e+00,1.232323299623792501e+00,1.863121404900321521e+00,2.114606017231376978e+00,1.512404120476138703e+00,2.513113864613747861e+00,1.751549853334710694e+00,2.167813402054477478e+00,2.509838558529362551e+00,3.510772457607256758e+00,1.791173720583227880e+00,8.716348900750540141e-01,1.624701900529401666e+00,5.937342580287963578e+00,3.800706233626476749e+00,1.923928178394898270e+00,9.783634141543167129e-01,4.256594953206952248e+00,6.705035168515947053e-01,5.084784301776040571e+00,1.749903637633265729e+00,2.633037613407180899e+00,1.407720181458272934e+00,6.053776289608074457e+00,4.075791953592755590e+00,1.367767056760233357e+00,3.083672312369367230e+00,2.189343294151423258e+00,1.706623203984192871e+00,2.110172456420771780e+00,2.640810599667499314e+00,4.222523830177128623e+00,1.576937820881792796e+00,2.870358343681942426e+00,2.472533196911012698e+00,3.141522873774473812e+00,3.406057184196273457e+00,2.815807808684085867e+00,2.842305886233271739e+00,1.542810855524971103e+00,2.149030760058619816e+00
5.847003773186058240e+00,4.879983131464528334e+00,6.226973196451589310e+00,6.058577852511070283e+00,6.643323695388684946e+00,5.578205013568616977e+00,0.000000000000000000e+00,5.438664119908453998e+00,1.439076460675540403e+00,4.175650996596569797e+00,4.354029997880618730e+00,3.715499943269008121e+00,7.640775350981395597e+00,5.522543841854719027e+00,8.052443176718446338e+00,7.309183144365112739e+00,7.728900628234829817e+00,3.088055120780712315e+00,9.053737591971014353e+00,4.933962900115574257e+00,4.735111113764021162e+00,7.196747856201191951e+00,8.966884488534521136e-01,8.861109077353297891e+00,7.289286841795849625e+00,6.556450267954549993e+00,9.723762865641928599e+00,5.021925275450664472e+00,5.985907733390393171e-01,6.039769375859365574e+00,8.175699800401201145e+00,6.960732376561084678e+00,1.195964993081444661e+00,9.584607262767887548e+00,4.322373746145497186e+00,7.900868733493679130e+00,3.398336130977227754e+00,5.145709983668230514e+00,4.214043933962805077e+00,3.081129746997123942e+00,9.216380356519294992e+00,4.155247061855293467e+00,4.086886799177976037e+00,7.754853002464092704e+00,3.190987035700111552e+00,8.337623453241809202e+00,8.391906618634898507e+00,2.761937256261685736e+00,4.036498741609666041e+00,6.824202236681768063e+00
1.427886179292713553e+00,8.206330702314023062e-01,9.322051958721323528e-01,6.840993584435083319e-01,1.473818641045210764e+00,1.468003805089159064e+00,5.438664119908453998e+00,0.000000000000000000e+00,6.803365249211030807e+00,1.269238186294765036e+00,1.582611939721343175e+00,2.073946763930072379e+00,2.533607811043326663e+00,9.235982587558566603e-02,2.929941819314267004e+00,2.690852330081060728e+00,3.031320815158244919e+00,2.476473196881701089e+00,3.867741413399109263e+00,5.766108437067662962e-01,1.713679165545036298e+00,2.325013748974650518e+00,5.994626905731208488e+00,3.422805492207744216e+00,2.018399573750761178e+00,1.926807315407458088e+00,4.395723845690060472e+00,1.800948145535231637e+00,4.870945707845296013e+00,6.189383277998390387e-01,3.050225520206230279e+00,2.049558436086309943e+00,6.174372834878914418e+00,4.310632334263842402e+00,2.130625801523072571e+00,2.476570117418816164e+00,2.246947902946958120e+00,3.717893710980841870e-01,1.266523465600675635e+00,2.369637628261588524e+00,3.785346888225362694e+00,1.413774847304722027e+00,1.801849447119090009e+00,2.384890757251630689e+00,2.431027942035922429e+00,2.904970540795825062e+00,3.400520326297449714e+00,3.022004155419518945e+00,1.836459082418421707e+00,1.390190347620588573e+00
7.077599546020597820e+00,6.192567751945566634e+00,7.549773130300235557e+00,7.399256859175189938e+00,7.934002882335041917e+00,6.795063606945390688e+00,1.439076460675540403e+00,6.803365249211030807e+00,0.000000000000000000e+00,5.534233629901661011e+00,5.601042545074633061e+00,4.957753667115078144e+00,8.894775026688686026e+00,6.889870985736801678e+00,9.301217143943880217e+00,8.483916920401508577e+00,8.901802001863208247e+00,4.378360070416194461e+00,1.030219809086816518e+01,6.320149959828074593e+00,5.929590575981192657e+00,8.419325739957432830e+00,8.653290107256330632e-01,1.022252837032853989e+01,8.585440644899929197e+00,7.768441295662717572e+00,1.100988901535722775e+01,6.192840233024216268e+00,2.036958447767566849e+00,7.413258947340247929e+00,9.422821355857474046e+00,8.198365996358093710e+00,8.481008410625315852e-01,1.085311029772254088e+01,5.472525794865565452e+00,9.277201396240560172e+00,4.668054043544163534e+00,6.527707257318380307e+00,5.606573326898302234e+00,4.433729184854486860e+00,1.058864175942545494e+01,5.468457188910980094e+00,5.519623204894140045e+00,9.072238503550376976e+00,4.620382706946431384e+00,9.708314267408951537e+00,9.604906771826039247e+00,3.954927561896141697e+00,5.276761133790066616e+00,8.193396581489492903e+00
1.984291512752988096e+00,8.139311983957574492e-01,2.073393431145181154e+00,1.886810938600337550e+00,2.540874870068481783e+00,1.816495028142286250e+00,4.175650996596569797e+00,1.269238186294765036e+00,5.534233629901661011e+00,0.000000000000000000e+00,9.157464617450630229e-01,1.018167359969474939e+00,3.592900826457277041e+00,1.356408657251855887e+00,4.005676366504506092e+00,3.496365542211159028e+00,3.893600071928881690e+00,1.236723745757017712e+00,4.988450207748546639e+00,8.410871292918511433e-01,1.372513886014662621e+00,3.246896704381778243e+00,4.726461848670583166e+00,4.689887563343792642e+00,3.163744484701041859e+00,2.683627732987825976e+00,5.590988601814581571e+00,1.649732557150847212e+00,3.614788480508924540e+00,1.882375278005053998e+00,4.129636801699104076e+00,2.980492200300687955e+00,4.909758451034634597e+00,5.478136501418695126e+00,1.487331384870775652e+00,3.745025547259603904e+00,1.063604737504649789e+00,1.022314736163625337e+00,3.953974626816778026e-01,1.100557652999024860e+00,5.054577162985902206e+00,4.104983812191432824e-01,1.155197149295104531e+00,3.596093837572846397e+00,1.338778180890015213e+00,4.174186531351337770e+00,4.418732957214800194e+00,1.816721407677034827e+00,9.421224413010814702e-01,2.659420532341650212e+00
1.493264822890744581e+00,7.651981668107493695e-01,2.032733771475890183e+00,1.955791221871524765e+00,2.346769865426122426e+00,1.232323299623792501e+00,4.354029997880618730e+00,1.582611939721343175e+00,5.601042545074633061e+00,9.157464617450630229e-01,0.000000000000000000e+00,6.436059363176650505e-01,3.295966953039019653e+00,1.671848692886145127e+00,3.704896725030067284e+00,2.981882346364304492e+00,3.399285579427023585e+00,1.277602991053748971e+00,4.706794429996763895e+00,1.464753274688026297e+00,5.013320738852233838e-01,2.842943717205980381e+00,4.751038763797033937e+00,4.754954926059850706e+00,2.999134352817306670e+00,2.206862346630699800e+00,5.410984152924253721e+00,8.137330727958439480e-01,3.853632008615715421e+00,2.156843062086737373e+00,3.827418738526079167e+00,2.607816140373725222e+00,4.885945485513591535e+00,5.252222805826054497e+00,6.039053415848132378e-01,3.901554916855221489e+00,9.582058261408902267e-01,1.542760682678580464e+00,1.308453121865724267e+00,1.431340486551505364e+00,5.155434481865817098e+00,5.182347481007195666e-01,2.066851058135374508e+00,3.510330463606018636e+00,2.059931773088074181e+00,4.290214027854524659e+00,4.038617077753155371e+00,1.651381205678892128e+00,3.248958516955231524e-01,2.835324893166089932e+00
2.132533232575108517e+00,1.309349640720974151e+00,2.643796682286059241e+00,2.539987861338857567e+00,2.984014383145014104e+00,1.863121404900321521e+00,3.715499943269008121e+00,2.073946763930072379e+00,4.957753667115078144e+00,1.018167359969474939e+00,6.436059363176650505e-01,0.000000000000000000e+00,3.939496196089820046e+00,2.166241926398625672e+00,4.348156174341702318e+00,3.603331868581833408e+00,4.022355114941717602e+00,6.671708636129485281e-01,5.350015438764793352e+00,1.801863810640394803e+00,1.042410729785293366e+00,3.481964003014756504e+00,4.108815568356352088e+00,5.363677503231897958e+00,3.636593933397870959e+00,2.841111794450885686e+00,6.053223367077589678e+00,1.350664581691522370e+00,3.224824839777987950e+00,2.681389995475141230e+00,4.470563744234691939e+00,3.249808184165503544e+00,4.247380223719387615e+00,5.895727037110900071e+00,7.718287139478785530e-01,4.484021626413801087e+00,3.448235381343107142e-01,1.939469034002348380e+00,1.373804629836599345e+00,9.242942559014433179e-01,5.757305024022803863e+00,6.816018669550849562e-01,2.003715925248831908e+00,4.140798952317676473e+00,1.719686968642078151e+00,4.885338724431566249e+00,4.676582579074627155e+00,1.012683294924987099e+00,3.213098592047389235e-01,3.403627113070051280e+00
1.822897148123545197e+00,2.801480902174541932e+00,1.601583093900097454e+00,1.861493343469413642e+00,1.067270269104739544e+00,2.114606017231376978e+00,7.640775350981395597e+00,2.533607811043326663e+00,8.894775026688686026e+00,3.592900826457277041e+00,3.295966953039019653e+00,3.939496196089820046e+00,0.000000000000000000e+00,2.489620501012036247e+00,4.141026446318913368e-01,9.092410272418480766e-01,8.711438581122571412e-01,4.552765652419346942e+00,1.413024422842120709e+00,3.105326924000526123e+00,2.986050291611704210e+00,5.742948766498473523e-01,8.041110914903454088e+00,2.058599694292414739e+00,6.088260373887094401e-01,1.188940553386656385e+00,2.145828957475055088e+00,2.762721918874952554e+00,7.121035686790152752e+00,2.189990726351714656e+00,5.382603594937448444e-01,7.119011121733322955e-01,8.164354222003387562e+00,1.961890509899064439e+00,3.478636491182480750e+00,1.842519766595917874e+00,4.244304777176699517e+00,2.905338148474405191e+00,3.734032631838632543e+00,4.607235078412579732e+00,2.479257908313177161e+00,3.507675554430579101e+00,4.335284309806242575e+00,8.321495597197667848e-01,4.897789825676544417e+00,1.903665866570126930e+00,8.727806225941198148e-01,4.940263353102769983e+00,3.619199010977899977e+00,1.740883776653930459e+00
1.455177265073004378e+00,9.085092265882638296e-01,8.892481795215683160e-01,6.306884045398900573e-01,1.436294342809579350e+00,1.512404120476138703e+00,5.522543841854719027e+00,9.235982587558566603e-02,6.889870985736801678e+00,1.356408657251855887e+00,1.671848692886145127e+00,2.166241926398625672e+00,2.489620501012036247e+00,0.000000000000000000e+00,2.882219500762790432e+00,2.676975418495352255e+00,3.009460170312685090e+00,2.567109072872703734e+00,3.811712707615030560e+00,6.372219787339032937e-01,1.792456565608668839e+00,2.300164665359760274e+00,6.082590435690772068e+00,3.338565311914017286e+00,1.963424122250031045e+00,1.924817797499138949e+00,4.327802484156745955e+00,1.870381014242957107e+00,4.953373375215338825e+00,5.283601412008026577e-01,3.001641466550128978e+00,2.025718189027957195e+00,6.263373565969479806e+00,4.247210350861569950e+00,2.215760103537450121e+00,2.388646706164361255e+00,2.338864125411368899e+00,4.234209186070098663e-01,1.340589075722891987e+00,2.456311376089542087e+00,3.698810488768116134e+00,1.505974349819008129e+00,1.850305294850414617e+00,2.316484983821577970e+00,2.500631031600422105e+00,2.818576480937596607e+00,3.359029797553386931e+00,3.113879121784427717e+00,1.927841713644581123e+00,1.303604598432371642e+00
2.224945417949879545e+00,3.215474057146178399e+00,1.998287985493028662e+00,2.251864681875307195e+00,1.473725819565929296e+00,2.513113864613747861e+00,8.052443176718446338e+00,2.929941819314267004e+00,9.301217143943880217e+00,4.005676366504506092e+00,3.704896725030067284e+00,4.348156174341702318e+00,4.141026446318913368e-01,2.882219500762790432e+00,0.000000000000000000e+00,1.110684406878037045e+00,9.045303144912187898e-01,4.964633672335351910e+00,1.001912993214400860e+00,3.504128365303814441e+00,3.384562613462795522e+00,9.172649104976007273e-01,8.446242338182273102e+00,1.927813503481197399e+00,9.430998238478305318e-01,1.564859054342968792e+00,1.769022610366367765e+00,3.152112047091176539e+00,7.534148689727409476e+00,2.554821474908337109e+00,1.241710201655551321e-01,1.105393688696453713e+00,8.566425873406537050e+00,1.565809816876512883e+00,3.871740433208823884e+00,1.923817619210749230e+00,4.655165624698261340e+00,3.301073884106439760e+00,4.141738878797831092e+00,5.021258353358238224e+00,2.326156227479591276e+00,3.921626650679097548e+00,4.731416385475432307e+00,9.396795089555116665e-01,5.307257807693823715e+00,1.886853795780308429e+00,5.317566819528470878e-01,5.346304626622958800e+00,4.027469388558591490e+00,2.033367996534275690e+00
1.522263613851729591e+00,2.683663556355737168e+00,1.847977175571803299e+00,2.118183252487100265e+00,1.337437170987552104e+00,1.751549853334710694e+00,7.309183144365112739e+00,2.690852330081060728e+00,8.483916920401508577e+00,3.496365542211159028e+00,2.981882346364304492e+00,3.603331868581833408e+00,9.092410272418480766e-01,2.676975418495352255e+00,1.110684406878037045e+00,0.000000000000000000e+00,4.197349955274173317e-01,4.257860515548342661e+00,1.967000608036846510e+00,3.211312207471973323e+00,2.574080568365009203e+00,4.791291535026440673e-01,7.620488097426246554e+00,2.964654893087402598e+00,1.312039651097487880e+00,8.131505181917033642e-01,2.820647612525818637e+00,2.293912333717232688e+00,6.828145487454278850e+00,2.546276908950651396e+00,1.191161391780981571e+00,6.958774997820249553e-01,7.715361036560080876e+00,2.575938031000735151e+00,3.011512475924988053e+00,2.701730033665955322e+00,3.935711706792480058e+00,3.045430284086814599e+00,3.724590775619424754e+00,4.389987152882318000e+00,3.382014740385844487e+00,3.311175560640491788e+00,4.421891616285337889e+00,1.715508766651942851e+00,4.835111634502926137e+00,2.804208184100509094e+00,1.173631515081315024e+00,4.554177602909859957e+00,3.285906857099233580e+00,2.347545189068276805e+00
1.930848936396317050e+00,3.079735739712751830e+00,2.148872582618142069e+00,2.422464735739755959e+00,1.610101252302642338e+00,2.167813402054477478e+00,7.728900628234829817e+00,3.031320815158244919e+00,8.901802001863208247e+00,3.893600071928881690e+00,3.399285579427023585e+00,4.022355114941717602e+00,8.711438581122571412e-01,3.009460170312685090e+00,9.045303144912187898e-01,4.197349955274173317e-01,0.000000000000000000e+00,4.675888886683701173e+00,1.618728014750743682e+00,3.568891126899380595e+00,2.993805894650499511e+00,7.133990310595351714e-01,8.038100446056860804e+00,2.829727742167364557e+00,1.415226714898073945e+00,1.213423308274111712e+00,2.492832732763451187e+00,2.713135185729463217e+00,7.247173006241456328e+00,2.826563581601381436e+00,9.482685200046169216e-01,9.844428632948031277e-01,8.131170190106525197e+00,2.230338815760702253e+00,3.429789016841767069e+00,2.712306423098825192e+00,4.354047403787787651e+00,3.393634451752612691e+00,4.108677233517400218e+00,4.803276806501821206e+00,3.230604225512230254e+00,3.720212943044137521e+00,4.789949360540618706e+00,1.699780427532672666e+00,5.231374542998705301e+00,2.746927054987594374e+00,8.078788773180425320e-01,4.973797232922531286e+00,3.704566812982253765e+00,2.525853941199078356e+00
2.768036430771589007e+00,1.814639047058840493e+00,3.172451403554995331e+00,3.031588155043256183e+00,3.562218963037253161e+00,2.509838558529362551e+00,3.088055120780712315e+00,2.476473196881701089e+00,4.378360070416194461e+00,1.236723745757017712e+00,1.277602991053748971e+00,6.671708636129485281e-01,4.552765652419346942e+00,2.567109072872703734e+00,4.964633672335351910e+00,4.257860515548342661e+00,4.675888886683701173e+00,0.000000000000000000e+00,5.965760769817011422e+00,2.076623905500833978e+00,1.708346040771257401e+00,4.116369176790294127e+00,3.545941387899799846e+00,5.864602134209061290e+00,4.211658848158358559e+00,3.483950133518232128e+00,6.642703832439111444e+00,2.017781357201126280e+00,2.577092172069317400e+00,3.095352089156078623e+00,5.087987637147413089e+00,3.875709553084021763e+00,3.709644837148996288e+00,6.498193880999464156e+00,1.408601874055407599e+00,4.945773584040328075e+00,3.240781655690114227e-01,2.257944322046497643e+00,1.459169860972295174e+00,4.070680002505030481e-01,6.243696750901376546e+00,1.092803186657751668e+00,1.855673088486774480e+00,4.693887997117438537e+00,1.292203506078484443e+00,5.364627684217615489e+00,5.312548725662495919e+00,6.019076508875412790e-01,9.744206619758339905e-01,3.857093927393784316e+00
3.224887865907138274e+00,4.207074509420652753e+00,2.946397192229867290e+00,3.183697086508831209e+00,2.447708155043399891e+00,3.510772457607256758e+00,9.053737591971014353e+00,3.867741413399109263e+00,1.030219809086816518e+01,4.988450207748546639e+00,4.706794429996763895e+00,5.350015438764793352e+00,1.413024422842120709e+00,3.811712707615030560e+00,1.001912993214400860e+00,1.967000608036846510e+00,1.618728014750743682e+00,5.965760769817011422e+00,0.000000000000000000e+00,4.444347259517653193e+00,4.381349926524960914e+00,1.896197026996724766e+00,9.446518759318390579e+00,1.829063231836763226e+00,1.849400710296231765e+00,2.550561147634613501e+00,8.836403170166676757e-01,4.141560663454041169e+00,8.533527848611965894e+00,3.430450806562516775e+00,8.795420867099702500e-01,2.104180604610629057e+00,9.564474295072185939e+00,6.117197521827900664e-01,4.863524415080392238e+00,2.307587172219693894e+00,5.656852707590004137e+00,4.234756374463259476e+00,5.105064874770554262e+00,6.016735873678414670e+00,2.104452452864149059e+00,4.918048066630839266e+00,5.659092549280845041e+00,1.586290416565102390e+00,6.274662455784313586e+00,2.069972139001051481e+00,8.116984989797646488e-01,6.347287843383243811e+00,5.029276229821036281e+00,2.795299608946931968e+00
1.833282029530889146e+00,8.377471711925972286e-01,1.505864726477175175e+00,1.260670297930402306e+00,2.041331485854841699e+00,1.791173720583227880e+00,4.933962900115574257e+00,5.766108437067662962e-01,6.320149959828074593e+00,8.410871292918511433e-01,1.464753274688026297e+00,1.801863810640394803e+00,3.105326924000526123e+00,6.372219787339032937e-01,3.504128365303814441e+00,3.211312207471973323e+00,3.568891126899380595e+00,2.076623905500833978e+00,4.444347259517653193e+00,0.000000000000000000e+00,1.756170000185328206e+00,2.870976769137182139e+00,5.528957938747471879e+00,3.939254909392818416e+00,2.595010267293390349e+00,2.421694807301749908e+00,4.964407491336738865e+00,1.934352170527851911e+00,4.356633678518609720e+00,1.116394295753571519e+00,3.624871818842654303e+00,2.594880025245576149e+00,5.722764434158437830e+00,4.884287369128064604e+00,2.064763001094802597e+00,2.968050289021652688e+00,1.897863087462720477e+00,2.183300695581377182e-01,7.226101674363669680e-01,1.903793487202327661e+00,4.284520129132294741e+00,1.122048980944592156e+00,1.231970730236495060e+00,2.953111609447813812e+00,1.867167747312484583e+00,3.407773752823755942e+00,3.969262436065418065e+00,2.657381516856462511e+00,1.635683291209246715e+00,1.901231172366103062e+00
1.164709395909609757e+00,9.347564391572894538e-01,1.921973527157951667e+00,1.913499037249079882e+00,2.127121654906368065e+00,8.716348900750540141e-01,4.735111113764021162e+00,1.713679165545036298e+00,5.929590575981192657e+00,1.372513886014662621e+00,5.013320738852233838e-01,1.042410729785293366e+00,2.986050291611704210e+00,1.792456565608668839e+00,3.384562613462795522e+00,2.574080568365009203e+00,2.993805894650499511e+00,1.708346040771257401e+00,4.381349926524960914e+00,1.756170000185328206e+00,0.000000000000000000e+00,2.491015398719548912e+00,5.070127958984919303e+00,4.602916451996786229e+00,2.766357195096102561e+00,1.838943506073246859e+00,5.126575846480931453e+00,3.170132782546654648e-01,4.259755001307997446e+00,2.208979014028276122e+00,3.504236273169984983e+00,2.279199477702479992e+00,5.183258608909104836e+00,4.947409529297379649e+00,5.130441628460481462e-01,3.814814713395313639e+00,1.384410366929648362e+00,1.778671000147595382e+00,1.751845939394763185e+00,1.909941140237819912e+00,5.016800836683017017e+00,1.001454730551684547e+00,2.526657236451869792e+00,3.303764477558592372e+00,2.561219865690664399e+00,4.173311238499776366e+00,3.675631137678157412e+00,1.983092314141009282e+00,7.393229757861417006e-01,2.793834438361887607e+00
1.349748949681188304e+00,2.435883193166064054e+00,1.435490724707002563e+00,1.709100603702894627e+00,8.985256793413012311e-01,1.624701900529401666e+00,7.196747856201191951e+00,2.325013748974650518e+00,8.419325739957432830e+00,3.246896704381778243e+00,2.842943717205980381e+00,3.481964003014756504e+00,5.742948766498473523e-01,2.300164665359760274e+00,9.172649104976007273e-01,4.791291535026440673e-01,7.133990310595351714e-01,4.116369176790294127e+00,1.896197026996724766e+00,2.870976769137182139e+00,2.491015398719548912e+00,0.000000000000000000e+00,7.560813920325114346e+00,2.600978255497421010e+00,8.429493443483995208e-01,6.545726006724139623e-01,2.686156484440884284e+00,2.245559466721877673e+00,6.693224239826559341e+00,2.115946344170878568e+00,1.029521495042205803e+00,2.761050826570728423e-01,7.673274547579913119e+00,2.478874735927260708e+00,2.968031857600908374e+00,2.250530481239370495e+00,3.800332140437038042e+00,2.690289122044200010e+00,3.436817548191983818e+00,4.206891985607349227e+00,3.026898486602357163e+00,3.110234159033787638e+00,4.097898420653099727e+00,1.292814301300771795e+00,4.577715439483590387e+00,2.387160488521988366e+00,1.196190556486138812e+00,4.466999895339833770e+00,3.160709222413332409e+00,1.871406244735649427e+00
6.221640304764918028e+00,5.359883915646094010e+00,6.717809316508399853e+00,6.575545762079801015e+00,7.090293451503574040e+00,5.937342580287963578e+00,8.966884488534521136e-01,5.994626905731208488e+00,8.653290107256330632e-01,4.726461848670583166e+00,4.751038763797033937e+00,4.108815568356352088e+00,8.041110914903454088e+00,6.082590435690772068e+00,8.446242338182273102e+00,7.620488097426246554e+00,8.038100446056860804e+00,3.545941387899799846e+00,9.446518759318390579e+00,5.528957938747471879e+00,5.070127958984919303e+00,7.560813920325114346e+00,0.000000000000000000e+00,9.405479217093267508e+00,7.742490043726996340e+00,6.909039826422093356e+00,1.016194231229423117e+01,5.330611568815357693e+00,1.417767102043193450e+00,6.608789794408870932e+00,8.567461085335406068e+00,7.342351781047335990e+00,3.005858133597666404e-01,1.000104805491503512e+01,4.609487409245627276e+00,8.471157927973932189e+00,3.827357386198237510e+00,5.732281332383770689e+00,4.824282339974311995e+00,3.629364543092786555e+00,9.778062175492920005e+00,4.638598844056153858e+00,4.801704680132285574e+00,8.235833153715867994e+00,3.899130158671210822e+00,8.897737457959561169e+00,8.744453456201163988e+00,3.101266953467826326e+00,4.426282254634913649e+00,7.384253758417042235e+00
3.509444632713694112e+00,4.063536943733335960e+00,2.722556904853452142e+00,2.834079881005985957e+00,2.492965809756006568e+00,3.800706233626476749e+00,8.861109077353297891e+00,3.422805492207744216e+00,1.022252837032853989e+01,4.689887563343792642e+00,4.754954926059850706e+00,5.363677503231897958e+00,2.058599694292414739e+00,3.338565311914017286e+00,1.927813503481197399e+00,2.964654893087402598e+00,2.829727742167364557e+00,5.864602134209061290e+00,1.829063231836763226e+00,3.939254909392818416e+00,4.602916451996786229e+00,2.600978255497421010e+00,9.405479217093267508e+00,0.000000000000000000e+00,1.910385866905137897e+00,3.089354800697666104e+00,1.574474080150121358e+00,4.466928571474984899e+00,8.290666984527261363e+00,2.824612249681373033e+00,1.906509503938071504e+00,2.622932445967853798e+00,9.574243220087623740e+00,1.730569184081786505e+00,5.115610404698681002e+00,1.000265630889689117e+00,5.601826115162539921e+00,3.723395376358198394e+00,4.661668248109389623e+00,5.790129318875854025e+00,4.298491925776974365e-01,4.773412418891048503e+00,4.997759734719816826e+00,1.356282479400528818e+00,5.784457598800134548e+00,5.525716850132117441e-01,2.262207649771301288e+00,6.366442436351611889e+00,5.069396116341864378e+00,2.038867934095824008e+00
1.626355995191958392e+00,2.410246934946066677e+00,1.100258414129968942e+00,1.334446054828253736e+00,6.525854461163701492e-01,1.923928178394898270e+00,7.289286841795849625e+00,2.018399573750761178e+00,8.585440644899929197e+00,3.163744484701041859e+00,2.999134352817306670e+00,3.636593933397870959e+00,6.088260373887094401e-01,1.963424122250031045e+00,9.430998238478305318e-01,1.312039651097487880e+00,1.415226714898073945e+00,4.211658848158358559e+00,1.849400710296231765e+00,2.595010267293390349e+00,2.766357195096102561e+00,8.429493443483995208e-01,7.742490043726996340e+00,1.910385866905137897e+00,0.000000000000000000e+00,1.188973918700475529e+00,2.435150710003625818e+00,2.594409668694057647e+00,6.750529059349564598e+00,1.612590479047979253e+00,1.055287399472138121e+00,7.552110822014361791e-01,7.883897506827277191e+00,2.314513426657315076e+00,3.276852159772259299e+00,1.417357404327932002e+00,3.917386666009647911e+00,2.386041353170018198e+00,3.260061633229962563e+00,4.221061977795618425e+00,2.339344878391914850e+00,3.134090350150647630e+00,3.812760727445694720e+00,5.563395572689977531e-01,4.430555832321862120e+00,1.603442897754250751e+00,1.458472103001280606e+00,4.648859886540594566e+00,3.323445643634997726e+00,1.133550489123984040e+00
7.205496141147208489e-01,1.870616447455926146e+00,1.183028606501740798e+00,1.430486758507304001e+00,8.107286699471561997e-01,9.783634141543167129e-01,6.556450267954549993e+00,1.926807315407458088e+00,7.768441295662717572e+00,2.683627732987825976e+00,2.206862346630699800e+00,2.841111794450885686e+00,1.188940553386656385e+00,1.924817797499138949e+00,1.564859054342968792e+00,8.131505181917033642e-01,1.213423308274111712e+00,3.483950133518232128e+00,2.550561147634613501e+00,2.421694807301749908e+00,1.838943506073246859e+00,6.545726006724139623e-01,6.909039826422093356e+00,3.089354800697666104e+00,1.188973918700475529e+00,0.000000000000000000e+00,3.329696179389142863e+00,1.591030820420700209e+00,6.060490558831455488e+00,1.886445712818176190e+00,1.680362135539107626e+00,4.864069705848408365e-01,7.019662302508752560e+00,3.130012882099879157e+00,2.313472535388198192e+00,2.562206951828729817e+00,3.165003421828260333e+00,2.267646510606540211e+00,2.913412044760935959e+00,3.595141127458378882e+00,3.519192306384435920e+00,2.507904904700758220e+00,3.619635621253550539e+00,1.734341499241425666e+00,4.022282870108091934e+00,2.789139330448196397e+00,1.838146051652267632e+00,3.818443969063678889e+00,2.520454444322637766e+00,1.900587897422782557e+00
3.961869020868485691e+00,4.845386450130575007e+00,3.517791062208840636e+00,3.722028936986367498e+00,3.080884556956327014e+00,4.256594953206952248e+00,9.723762865641928599e+00,4.395723845690060472e+00,1.100988901535722775e+01,5.590988601814581571e+00,5.410984152924253721e+00,6.053223367077589678e+00,2.145828957475055088e+00,4.327802484156745955e+00,1.769022610366367765e+00,2.820647612525818637e+00,2.492832732763451187e+00,6.642703832439111444e+00,8.836403170166676757e-01,4.964407491336738865e+00,5.126575846480931453e+00,2.686156484440884284e+00,1.016194231229423117e+01,1.574474080150121358e+00,2.435150710003625818e+00,3.329696179389142863e+00,0.000000000000000000e+00,4.908435484336156840e+00,9.185590271274271856e+00,3.883710248275413335e+00,1.660527053503809025e+00,2.857692367088348728e+00,1.029399953162609194e+01,3.107315365302357191e-01,5.622957581347785450e+00,2.383896681992033972e+00,6.344042769837179740e+00,4.747850189668442411e+00,5.659435851338537660e+00,6.655782594347533276e+00,1.674694281552271624e+00,5.568881734825922969e+00,6.139162484150798349e+00,2.011324517322423233e+00,6.826704994529322335e+00,2.014949969445689604e+00,1.690554378686802472e+00,7.061880526548518056e+00,5.735816936311017855e+00,3.157230929147391674e+00
9.684280755834810961e-01,1.096606028722084236e+00,1.848467753714928330e+00,1.885184698332745601e+00,1.974728962480921446e+00,6.705035168515947053e-01,5.021925275450664472e+00,1.800948145535231637e+00,6.192840233024216268e+00,1.649732557150847212e+00,8.137330727958439480e-01,1.350664581691522370e+00,2.762721918874952554e+00,1.870381014242957107e+00,3.152112047091176539e+00,2.293912333717232688e+00,2.713135185729463217e+00,2.017781357201126280e+00,4.141560663454041169e+00,1.934352170527851911e+00,3.170132782546654648e-01,2.245559466721877673e+00,5.330611568815357693e+00,4.466928571474984899e+00,2.594409668694057647e+00,1.591030820420700209e+00,4.908435484336156840e+00,0.000000000000000000e+00,4.556428625846320912e+00,2.231579026499170837e+00,3.269404389097641861e+00,2.051137485482607214e+00,5.433726971787765869e+00,4.717884960938997452e+00,7.235623652097830094e-01,3.724933249192177165e+00,1.694488701173542111e+00,1.924677119958217553e+00,2.016362023124293135e+00,2.226710928394658673e+00,4.887096173840873803e+00,1.298355084736699361e+00,2.796215609489964393e+00,3.142749932393475554e+00,2.870798441806589274e+00,4.061760448522162115e+00,3.416583621125707015e+00,2.262238804794265423e+00,1.053932389846378159e+00,2.744771584359229522e+00
5.345127915619247716e+00,4.340665405446007874e+00,5.677935388258062765e+00,5.501257682144380823e+00,6.108750812025733445e+00,5.084784301776040571e+00,5.985907733390393171e-01,4.870945707845296013e+00,2.036958447767566849e+00,3.614788480508924540e+00,3.853632008615715421e+00,3.224824839777987950e+00,7.121035686790152752e+00,4.953373375215338825e+00,7.534148689727409476e+00,6.828145487454278850e+00,7.247173006241456328e+00,2.577092172069317400e+00,8.533527848611965894e+00,4.356633678518609720e+00,4.259755001307997446e+00,6.693224239826559341e+00,1.417767102043193450e+00,8.290666984527261363e+00,6.750529059349564598e+00,6.060490558831455488e+00,9.185590271274271856e+00,4.556428625846320912e+00,0.000000000000000000e+00,5.466793689249014321e+00,7.657889860469146548e+00,6.450774341097364584e+00,1.701495818098462731e+00,9.054488076321927537e+00,3.875735019189141539e+00,7.324683016192127916e+00,2.895594524214823107e+00,4.570066453624481717e+00,3.634926390231620896e+00,2.530508699635455550e+00,8.641071718467001617e+00,3.619603436323798995e+00,3.489217205471053962e+00,7.205340602884959367e+00,2.594861845172427461e+00,7.763559464198202420e+00,7.889413177294414048e+00,2.322054998308627827e+00,3.543068826746841538e+00,6.252204817953076699e+00
1.605192566767076112e+00,1.393713225295252212e+00,7.072161611943874604e-01,4.608683136502620403e-01,1.217452282331787039e+00,1.749903637633265729e+00,6.039769375859365574e+00,6.189383277998390387e-01,7.413258947340247929e+00,1.882375278005053998e+00,2.156843062086737373e+00,2.681389995475141230e+00,2.189990726351714656e+00,5.283601412008026577e-01,2.554821474908337109e+00,2.546276908950651396e+00,2.826563581601381436e+00,3.095352089156078623e+00,3.430450806562516775e+00,1.116394295753571519e+00,2.208979014028276122e+00,2.115946344170878568e+00,6.608789794408870932e+00,2.824612249681373033e+00,1.612590479047979253e+00,1.886445712818176190e+00,3.883710248275413335e+00,2.231579026499170837e+00,5.466793689249014321e+00,0.000000000000000000e+00,2.667877728495661849e+00,1.856675265521087859e+00,6.790986035231164841e+00,3.825664967005786732e+00,2.667776905686809030e+00,1.863943196201025554e+00,2.864273712957143836e+00,8.993903488320779127e-01,1.837841409641997270e+00,2.980827496393750220e+00,3.177199517294206910e+00,2.029576183475978013e+00,2.255514768376766455e+00,1.881976308309925239e+00,2.976826986107570683e+00,2.297897992268343348e+00,3.060544877743635706e+00,3.639399707685075480e+00,2.430173494615923246e+00,7.857500310901971430e-01
2.345877182401897354e+00,3.339643714819967357e+00,2.119026038607645379e+00,2.371070957874569896e+00,1.596665539814758672e+00,2.633037613407180899e+00,8.175699800401201145e+00,3.050225520206230279e+00,9.422821355857474046e+00,4.129636801699104076e+00,3.827418738526079167e+00,4.470563744234691939e+00,5.382603594937448444e-01,3.001641466550128978e+00,1.241710201655551321e-01,1.191161391780981571e+00,9.482685200046169216e-01,5.087987637147413089e+00,8.795420867099702500e-01,3.624871818842654303e+00,3.504236273169984983e+00,1.029521495042205803e+00,8.567461085335406068e+00,1.906509503938071504e+00,1.055287399472138121e+00,1.680362135539107626e+00,1.660527053503809025e+00,3.269404389097641861e+00,7.657889860469146548e+00,2.667877728495661849e+00,0.000000000000000000e+00,1.225552157062116176e+00,8.686715630564629365e+00,1.449756381090017587e+00,3.989827586094325085e+00,1.966548642705972183e+00,4.778216172991152533e+00,3.421121431018777859e+00,4.264550178073926112e+00,5.145353262391193283e+00,2.294879951895574699e+00,4.045690120561295622e+00,4.851331376337589596e+00,1.005185596088613131e+00,5.430449642051224046e+00,1.901510949618700153e+00,4.521206580792137553e-01,5.467894987138707918e+00,4.149781391983348833e+00,2.130231692364711993e+00
1.120787038798423341e+00,2.171780763308321038e+00,1.167390251433309212e+00,1.440481723321458629e+00,6.425143901977968808e-01,1.407720181458272934e+00,6.960732376561084678e+00,2.049558436086309943e+00,8.198365996358093710e+00,2.980492200300687955e+00,2.607816140373725222e+00,3.249808184165503544e+00,7.119011121733322955e-01,2.025718189027957195e+00,1.105393688696453713e+00,6.958774997820249553e-01,9.844428632948031277e-01,3.875709553084021763e+00,2.104180604610629057e+00,2.594880025245576149e+00,2.279199477702479992e+00,2.761050826570728423e-01,7.342351781047335990e+00,2.622932445967853798e+00,7.552110822014361791e-01,4.864069705848408365e-01,2.857692367088348728e+00,2.051137485482607214e+00,6.450774341097364584e+00,1.856675265521087859e+00,1.225552157062116176e+00,0.000000000000000000e+00,7.461199413209773645e+00,2.669103967783990505e+00,2.768321368885739986e+00,2.167934584136590015e+00,3.562454327718081792e+00,2.414391360866860570e+00,3.164108298829679367e+00,3.954067077470059477e+00,3.052477118166132986e+00,2.855255061144314155e+00,3.822028663802846005e+00,1.275800432615393110e+00,4.308472995283738172e+00,2.353992130132997129e+00,1.445580252626526008e+00,4.243599328499629841e+00,2.928626293225899069e+00,1.670794323252147828e+00
