{"baseinfo": {"config": {"batch_size": 32, "trace_length": 5, "update_freq": 30, "lstm_unit": 512, "y": 0.99, "elimination_threshold": 0.5, "startE": 1, "endE": 0.05, "anneling_steps": 720000, "num_episodes": 1, "buffer_size": 5000, "prioritized": 0, "load_model": false, "warmup_time": -1, "model_path": "./drqn", "h_size": 2592, "max_epLength": 2880, "pre_train_steps": 20000, "softmax_action": false, "silent": 1, "use_linear": 1, "use_tracker": 1, "random_seed": 0}, "distance": [[0.0, 1.1794273284153431, 1.0237475532831548, 1.1652817587711852, 1.0182309678226227, 0.29883928533037646, 5.847003773186058, 1.4278861792927136, 7.077599546020598, 1.984291512752988, 1.4932648228907446, 2.1325332325751085, 1.8228971481235452, 1.4551772650730044, 2.2249454179498795, 1.5222636138517296, 1.930848936396317, 2.768036430771589, 3.2248878659071383, 1.8332820295308891, 1.1647093959096098, 1.3497489496811883, 6.221640304764918, 3.509444632713694, 1.6263559951919584, 0.7205496141147208, 3.9618690208684857, 0.9684280755834811, 5.345127915619248, 1.6051925667670761, 2.3458771824018974, 1.1207870387984233, 6.341930861028598, 3.784779487605246, 1.6651739620492307, 2.8135491883042225, 2.4509779582862516, 1.7160299274875452, 2.242003983742931, 2.874632953115814, 3.932690392356235, 1.7895121342360645, 2.978452600164707, 2.1764326243773313, 3.3216959175214327, 3.1242416253892618, 2.545368522821763, 3.1229161731362693, 1.8112323440817106, 1.9172725715940144, 1.9268403277842716, 2.2622167851146235, 1.7326811883588877, 2.880022326038243, 2.1082546821325487, 2.5288410521817357, 1.9503871865188422, 5.412823692217394, 1.9980916939874418, 2.45683684637174, 1.851827846394743, 0.5342266224106421, 4.548799543886018, 2.5151510847738128, 3.841685581871455, 2.160958545406188, 2.871459478906134, 2.7310311772710034, 2.487471099376103, 3.616089868137594], [1.1794273284153431, 0.0, 1.3579369732935025, 1.2325386716341113, 1.7689084209913957, 1.0457651575371498, 4.879983131464528, 0.8206330702314023, 6.192567751945567, 0.8139311983957574, 0.7651981668107494, 1.3093496407209742, 2.801480902174542, 0.9085092265882638, 3.2154740571461784, 2.683663556355737, 3.079735739712752, 1.8146390470588405, 4.207074509420653, 0.8377471711925972, 0.9347564391572895, 2.435883193166064, 5.359883915646094, 4.063536943733336, 2.4102469349460667, 1.8706164474559261, 4.845386450130575, 1.0966060287220842, 4.340665405446008, 1.3937132252952522, 3.3396437148199674, 2.171780763308321, 5.517747854010241, 4.715540344876379, 1.3139163412330215, 3.1747062438039104, 1.5394066676825264, 0.843945685951713, 1.0675143520186707, 1.8130003916642896, 4.452361189604904, 0.7256465085160677, 1.8248436789238354, 2.8804787278548845, 2.1519074845399775, 3.5781504538545272, 3.614103452828264, 2.303361507909198, 1.0396620438469988, 2.095127595479284, 0.8850800143822553, 1.460074698551261, 2.894142444443236, 2.1011229670233025, 0.929635817793467, 3.6492371431158834, 2.2894772619767174, 4.530679306398462, 2.0127303106087067, 1.4453087663334745, 0.7305729967236773, 1.222102883995256, 3.535352841106478, 1.8414981965073542, 2.8189327754460685, 1.115656305599039, 1.7064972258242543, 1.6269572300004256, 2.5780751382901848, 2.7678180167422872], [1.0237475532831548, 1.3579369732935025, 0.0, 0.2736583059819614, 0.5498547500237017, 1.2451636748719632, 6.226973196451589, 0.9322051958721324, 7.549773130300236, 2.073393431145181, 2.03273377147589, 2.6437966822860592, 1.6015830939000975, 0.8892481795215683, 1.9982879854930287, 1.8479771755718033, 2.148872582618142, 3.1724514035549953, 2.9463971922298673, 1.5058647264771752, 1.9219735271579517, 1.4354907247070026, 6.7178093165084, 2.722556904853452, 1.100258414129969, 1.1830286065017408, 3.5177910622088406, 1.8484677537149283, 5.677935388258063, 0.7072161611943875, 2.1190260386076454, 1.1673902514333092, 6.8742307217568035, 3.4114015381964107, 2.4270485748479116, 1.893142216660354, 2.894768187463894, 1.303834298636212, 2.159902186549544, 3.148079799369861, 3.123231649504451, 2.0813410403506363, 2.734052754312217, 1.5279436360775158, 3.3303349749535145, 2.2627846928998165, 2.469924042553101, 3.651154308486779, 2.346959059617339, 0.9041421038582562, 2.2414362595042268, 2.7923856698886698, 2.032330008948135, 3.4381233680693715, 2.1288883039301933, 2.5973944872049914, 0.9959920624012373, 5.888555481478137, 0.9758257299785994, 2.8000101580574444, 2.065769246623212, 1.5307499926874226, 4.873244755505003, 3.1407470167277167, 4.158254018960642, 2.4682704308824093, 2.6776338099411294, 2.94003224988077, 1.4706661918905777, 4.122276750409127], [1.1652817587711852, 1.2325386716341113, 0.2736583059819614, 0.0, 0.821448541371209, 1.3405249069707712, 6.05857785251107, 0.6840993584435083, 7.39925685917519, 1.8868109386003376, 1.9557912218715248, 2.5399878613388576, 1.8614933434694136, 0.6306884045398901, 2.251864681875307, 2.1181832524871003, 2.422464735739756, 3.031588155043256, 3.183697086508831, 1.2606702979304023, 1.9134990372490799, 1.7091006037028946, 6.575545762079801, 2.834079881005986, 1.3344460548282537, 1.430486758507304, 3.7220289369863675, 1.8851846983327456, 5.501257682144381, 0.46086831365026204, 2.37107095787457, 1.4404817233214586, 6.740890955647674, 3.6299610907435627, 2.403093628123006, 1.9469256001298136, 2.7682592966848905, 1.0520138393648475, 1.9382528153257288, 2.9776504933929644, 3.2200395380784075, 1.939584398269782, 2.4809364241997858, 1.7152608179736675, 3.1075769644629303, 2.345709976745781, 2.732567795761533, 3.5354322972581453, 2.2576579344249366, 0.8850301703260841, 2.0995441897341465, 2.6903769816839613, 2.304319400964577, 3.3331254534081283, 1.9269233765255065, 2.867632152004728, 1.0571289337130836, 5.744048469460928, 0.875525747871519, 2.6509827639656782, 1.9065588592271012, 1.6322147766218158, 4.698560890093999, 3.0593003665790284, 3.9865665714572405, 2.3182478517391707, 2.431270473254631, 2.759056980223189, 1.4193552666564506, 3.99601725484252], [1.0182309678226227, 1.7689084209913957, 0.5498547500237017, 0.821448541371209, 0.0, 1.3077531847319979, 6.643323695388685, 1.4738186410452108, 7.934002882335042, 2.540874870068482, 2.3467698654261224, 2.984014383145014, 1.0672702691047395, 1.4362943428095793, 1.4737258195659293, 1.337437170987552, 1.6101012523026423, 3.562218963037253, 2.4477081550434, 2.0413314858548417, 2.127121654906368, 0.8985256793413012, 7.090293451503574, 2.4929658097560066, 0.6525854461163701, 0.8107286699471562, 3.080884556956327, 1.9747289624809214, 6.1087508120257334, 1.217452282331787, 1.5966655398147587, 0.6425143901977969, 7.2313123585425965, 2.9466429889432497, 2.6395536605595034, 1.8208378530508713, 3.266067510415171, 1.845291075056523, 2.6680276961678078, 3.581889521270849, 2.9150465643521892, 2.4895976093068817, 3.2728479693502477, 1.176770512080029, 3.833924575294682, 2.1097358720018113, 1.9279404030928033, 3.9962783752133766, 2.670975451861752, 1.0914352983352549, 2.6464966053751886, 3.1270065025045155, 1.509155890222115, 3.7681380942721026, 2.6144764908507288, 2.047629043888857, 1.015076389931798, 6.267307769175642, 1.2774643534654622, 3.2064145718399373, 2.4980820905579875, 1.5484871125447865, 5.303581266827077, 3.4359388982156287, 4.5871916677996065, 2.880838536494117, 3.210017598565747, 3.3905159957205133, 1.6357820132222602, 4.480348337808263], [0.29883928533037646, 1.0457651575371498, 1.2451636748719632, 1.3405249069707712, 1.3077531847319979, 0.0, 5.578205013568617, 1.468003805089159, 6.795063606945391, 1.8164950281422862, 1.2323232996237925, 1.8631214049003215, 2.114606017231377, 1.5124041204761387, 2.513113864613748, 1.7515498533347107, 2.1678134020544775, 2.5098385585293626, 3.5107724576072568, 1.7911737205832279, 0.871634890075054, 1.6247019005294017, 5.937342580287964, 3.8007062336264767, 1.9239281783948983, 0.9783634141543167, 4.256594953206952, 0.6705035168515947, 5.084784301776041, 1.7499036376332657, 2.633037613407181, 1.407720181458273, 6.0537762896080745, 4.075791953592756, 1.3677670567602334, 3.0836723123693672, 2.1893432941514233, 1.7066232039841929, 2.110172456420772, 2.6408105996674993, 4.222523830177129, 1.5769378208817928, 2.8703583436819424, 2.4725331969110127, 3.141522873774474, 3.4060571841962735, 2.815807808684086, 2.8423058862332717, 1.542810855524971, 2.14903076005862, 1.7036529620145353, 1.9879242798563732, 1.9594626312013625, 2.59676368798989, 1.9537321704001382, 2.779662607728379, 2.207796572469503, 5.132044261315141, 2.2032257751470286, 2.214812421917771, 1.6567039134405075, 0.2918030957486335, 4.292612308760354, 2.225721043844822, 3.590521966658942, 1.9328286825491348, 2.7518068922649412, 2.5133586674991504, 2.7155969936520017, 3.336190871451012], [5.847003773186058, 4.879983131464528, 6.226973196451589, 6.05857785251107, 6.643323695388685, 5.578205013568617, 0.0, 5.438664119908454, 1.4390764606755404, 4.17565099659657, 4.354029997880619, 3.715499943269008, 7.640775350981396, 5.522543841854719, 8.052443176718446, 7.309183144365113, 7.72890062823483, 3.0880551207807123, 9.053737591971014, 4.933962900115574, 4.735111113764021, 7.196747856201192, 0.8966884488534521, 8.861109077353298, 7.28928684179585, 6.55645026795455, 9.723762865641929, 5.0219252754506645, 0.5985907733390393, 6.039769375859366, 8.175699800401201, 6.960732376561085, 1.1959649930814447, 9.584607262767888, 4.322373746145497, 7.900868733493679, 3.3983361309772278, 5.1457099836682305, 4.214043933962805, 3.081129746997124, 9.216380356519295, 4.1552470618552935, 4.086886799177976, 7.754853002464093, 3.1909870357001116, 8.33762345324181, 8.391906618634899, 2.7619372562616857, 4.036498741609666, 6.824202236681768, 3.9973138973670617, 3.5913879660437464, 7.510357616546607, 3.017101730368026, 4.158524621917448, 8.351774745347221, 7.077650338462091, 0.7152257735826347, 6.651672152116553, 3.4369869295121713, 4.161233405404331, 5.520239929736708, 1.3665228720767866, 3.4226469366245467, 2.0722641132096684, 3.7644267584560676, 4.013343880975671, 3.3037364725861544, 7.17106177502164, 2.2757137761892565], [1.4278861792927136, 0.8206330702314023, 0.9322051958721324, 0.6840993584435083, 1.4738186410452108, 1.468003805089159, 5.438664119908454, 0.0, 6.803365249211031, 1.269238186294765, 1.5826119397213432, 2.0739467639300724, 2.5336078110433267, 0.09235982587558567, 2.929941819314267, 2.6908523300810607, 3.031320815158245, 2.476473196881701, 3.8677414133991093, 0.5766108437067663, 1.7136791655450363, 2.3250137489746505, 5.9946269057312085, 3.422805492207744, 2.018399573750761, 1.926807315407458, 4.3957238456900605, 1.8009481455352316, 4.870945707845296, 0.618938327799839, 3.0502255202062303, 2.04955843608631, 6.174372834878914, 4.310632334263842, 2.1306258015230726, 2.476570117418816, 2.246947902946958, 0.3717893710980842, 1.2665234656006756, 2.3696376282615885, 3.7853468882253627, 1.413774847304722, 1.80184944711909, 2.3848907572516307, 2.4310279420359224, 2.904970540795825, 3.4005203262974497, 3.022004155419519, 1.8364590824184217, 1.3901903476205886, 1.566213303939211, 2.223455594559939, 2.889436573888382, 2.8448242522849987, 1.2817465310017657, 3.5155637401722504, 1.639642390893516, 5.161982162011669, 1.2513178268233036, 2.0869774490994297, 1.3437852973029676, 1.7350726241791667, 4.073292568009349, 2.6274686697065213, 3.368782320522203, 1.76029887976133, 1.747901540341499, 2.1360488998067653, 1.808994114382813, 3.4566159495976327], [7.077599546020598, 6.192567751945567, 7.549773130300236, 7.39925685917519, 7.934002882335042, 6.795063606945391, 1.4390764606755404, 6.803365249211031, 0.0, 5.534233629901661, 5.601042545074633, 4.957753667115078, 8.894775026688686, 6.889870985736802, 9.30121714394388, 8.483916920401509, 8.901802001863208, 4.3783600704161945, 10.302198090868165, 6.320149959828075, 5.929590575981193, 8.419325739957433, 0.8653290107256331, 10.22252837032854, 8.58544064489993, 7.768441295662718, 11.009889015357228, 6.192840233024216, 2.036958447767567, 7.413258947340248, 9.422821355857474, 8.198365996358094, 0.8481008410625316, 10.85311029772254, 5.4725257948655655, 9.27720139624056, 4.6680540435441635, 6.52770725731838, 5.606573326898302, 4.433729184854487, 10.588641759425455, 5.46845718891098, 5.51962320489414, 9.072238503550377, 4.620382706946431, 9.708314267408952, 9.60490677182604, 3.9549275618961417, 5.276761133790067, 8.193396581489493, 5.308337404556508, 4.820626496544052, 8.677422653194492, 4.198322355559427, 5.5327532469573715, 9.532959830926934, 8.435396431567575, 1.667350497092026, 8.033624155861537, 4.750639225918934, 5.492712202003414, 6.700463234501471, 2.768202049671073, 4.57770270474242, 3.4435500998444395, 5.083123630627185, 5.441205676093731, 4.671180796101404, 8.56362373113854, 3.462744638278749], [1.984291512752988, 0.8139311983957574, 2.073393431145181, 1.8868109386003376, 2.540874870068482, 1.8164950281422862, 4.17565099659657, 1.269238186294765, 5.534233629901661, 0.0, 0.915746461745063, 1.018167359969475, 3.592900826457277, 1.3564086572518559, 4.005676366504506, 3.496365542211159, 3.8936000719288817, 1.2367237457570177, 4.988450207748547, 0.8410871292918511, 1.3725138860146626, 3.2468967043817782, 4.726461848670583, 4.689887563343793, 3.163744484701042, 2.683627732987826, 5.590988601814582, 1.6497325571508472, 3.6147884805089245, 1.882375278005054, 4.129636801699104, 2.980492200300688, 4.909758451034635, 5.478136501418695, 1.4873313848707757, 3.745025547259604, 1.0636047375046498, 1.0223147361636253, 0.3953974626816778, 1.1005576529990249, 5.054577162985902, 0.4104983812191433, 1.1551971492951045, 3.5960938375728464, 1.3387781808900152, 4.174186531351338, 4.4187329572148, 1.8167214076770348, 0.9421224413010815, 2.65942053234165, 0.4650593373326384, 1.1436857826450875, 3.7069557990324595, 1.679683755245388, 0.16688247457920477, 4.461609244978673, 2.9038120422116034, 3.8939447942044243, 2.50941266245833, 0.8486571940283685, 0.2560866720455219, 1.936504696362668, 2.813012092713534, 1.5708799569196863, 2.103653571167444, 0.5545666298931186, 1.0068250329558017, 0.8727086072251298, 3.0549831364088353, 2.2167214110812874], [1.4932648228907446, 0.7651981668107494, 2.03273377147589, 1.9557912218715248, 2.3467698654261224, 1.2323232996237925, 4.354029997880619, 1.5826119397213432, 5.601042545074633, 0.915746461745063, 0.0, 0.643605936317665, 3.2959669530390197, 1.6718486928861451, 3.7048967250300673, 2.9818823463643045, 3.3992855794270236, 1.277602991053749, 4.706794429996764, 1.4647532746880263, 0.5013320738852234, 2.8429437172059804, 4.751038763797034, 4.754954926059851, 2.9991343528173067, 2.2068623466307, 5.410984152924254, 0.813733072795844, 3.8536320086157154, 2.1568430620867374, 3.827418738526079, 2.6078161403737252, 4.8859454855135915, 5.2522228058260545, 0.6039053415848132, 3.9015549168552215, 0.9582058261408902, 1.5427606826785805, 1.3084531218657243, 1.4313404865515054, 5.155434481865817, 0.5182347481007196, 2.0668510581353745, 3.5103304636060186, 2.059931773088074, 4.290214027854525, 4.038617077753155, 1.6513812056788921, 0.32489585169552315, 2.83532489316609, 0.5675639916639914, 0.7818239820108049, 3.1885420484507696, 1.42142319108109, 1.0825507327181547, 4.011805791458343, 3.006647404269856, 3.933899407776918, 2.7699682853369083, 0.996274929137459, 0.6651532726363643, 1.2307549552975092, 3.060329939766475, 1.1081238277756855, 2.35901153759778, 0.7565523552847935, 1.9136511811405672, 1.3428450571164054, 3.3349224578877603, 2.1395013423080886], [2.1325332325751085, 1.3093496407209742, 2.6437966822860592, 2.5399878613388576, 2.984014383145014, 1.8631214049003215, 3.715499943269008, 2.0739467639300724, 4.957753667115078, 1.018167359969475, 0.643605936317665, 0.0, 3.93949619608982, 2.1662419263986257, 4.348156174341702, 3.6033318685818334, 4.022355114941718, 0.6671708636129485, 5.350015438764793, 1.8018638106403948, 1.0424107297852934, 3.4819640030147565, 4.108815568356352, 5.363677503231898, 3.636593933397871, 2.8411117944508857, 6.05322336707759, 1.3506645816915224, 3.224824839777988, 2.6813899954751412, 4.470563744234692, 3.2498081841655035, 4.247380223719388, 5.8957270371109, 0.7718287139478786, 4.484021626413801, 0.3448235381343107, 1.9394690340023484, 1.3738046298365993, 0.9242942559014433, 5.757305024022804, 0.681601866955085, 2.003715925248832, 4.1407989523176765, 1.7196869686420782, 4.885338724431566, 4.676582579074627, 1.012683294924987, 0.3213098592047389, 3.4036271130700513, 0.56090550396262, 0.15084967578745223, 3.807641189907463, 0.7945788546777222, 1.150474486581049, 4.640514016773832, 3.597043703362644, 3.290513779648233, 3.309866407717027, 0.5133570045040962, 0.8019647212909538, 1.8252069491145575, 2.43934153082712, 0.5650875512287229, 1.752261932406007, 0.5151173184401083, 1.8391810769555235, 0.9379622476909638, 3.8738736100071485, 1.4973326912023062], [1.8228971481235452, 2.801480902174542, 1.6015830939000975, 1.8614933434694136, 1.0672702691047395, 2.114606017231377, 7.640775350981396, 2.5336078110433267, 8.894775026688686, 3.592900826457277, 3.2959669530390197, 3.93949619608982, 0.0, 2.4896205010120362, 0.41410264463189134, 0.9092410272418481, 0.8711438581122571, 4.552765652419347, 1.4130244228421207, 3.105326924000526, 2.986050291611704, 0.5742948766498474, 8.041110914903454, 2.0585996942924147, 0.6088260373887094, 1.1889405533866564, 2.145828957475055, 2.7627219188749526, 7.121035686790153, 2.1899907263517147, 0.5382603594937448, 0.7119011121733323, 8.164354222003388, 1.9618905098990644, 3.4786364911824807, 1.8425197665959179, 4.2443047771766995, 2.905338148474405, 3.7340326318386325, 4.60723507841258, 2.479257908313177, 3.507675554430579, 4.335284309806243, 0.8321495597197668, 4.897789825676544, 1.903665866570127, 0.8727806225941198, 4.94026335310277, 3.6191990109779, 1.7408837766539305, 3.6601314600853008, 4.074499436339368, 0.9312811192830937, 4.700078628343339, 3.673957282657409, 1.0595424901757153, 1.4854731498692442, 7.228373149835873, 2.0081411153101114, 4.2142698269000585, 3.5313933551288037, 2.2657649244188685, 6.317997512298045, 4.338048173354164, 5.603346819020687, 3.896846041707019, 4.275716454924223, 4.428396874765868, 2.1049542788961384, 5.432032682859024], [1.4551772650730044, 0.9085092265882638, 0.8892481795215683, 0.6306884045398901, 1.4362943428095793, 1.5124041204761387, 5.522543841854719, 0.09235982587558567, 6.889870985736802, 1.3564086572518559, 1.6718486928861451, 2.1662419263986257, 2.4896205010120362, 0.0, 2.8822195007627904, 2.6769754184953523, 3.009460170312685, 2.5671090728727037, 3.8117127076150306, 0.6372219787339033, 1.7924565656086688, 2.3001646653597603, 6.082590435690772, 3.3385653119140173, 1.963424122250031, 1.924817797499139, 4.327802484156746, 1.870381014242957, 4.953373375215339, 0.5283601412008027, 3.001641466550129, 2.025718189027957, 6.26337356596948, 4.24721035086157, 2.21576010353745, 2.3886467061643613, 2.338864125411369, 0.42342091860700987, 1.340589075722892, 2.456311376089542, 3.698810488768116, 1.5059743498190081, 1.8503052948504146, 2.316484983821578, 2.500631031600422, 2.8185764809375966, 3.359029797553387, 3.1138791217844277, 1.9278417136445811, 1.3036045984323716, 1.6581871293029957, 2.315778389255873, 2.873146508500716, 2.9371086211690014, 1.364368105600435, 3.4824448936020542, 1.5577573742244655, 5.249991419859694, 1.1602388973550575, 2.1774107060665355, 1.4350303440199805, 1.7849162712144284, 4.156756767451508, 2.719491203880556, 3.453604329382961, 1.8513022047271046, 1.8030126421605903, 2.221053493728236, 1.7171086777194247, 3.5475732971145995], [2.2249454179498795, 3.2154740571461784, 1.9982879854930287, 2.251864681875307, 1.4737258195659293, 2.513113864613748, 8.052443176718446, 2.929941819314267, 9.30121714394388, 4.005676366504506, 3.7048967250300673, 4.348156174341702, 0.41410264463189134, 2.8822195007627904, 0.0, 1.110684406878037, 0.9045303144912188, 4.964633672335352, 1.0019129932144009, 3.5041283653038144, 3.3845626134627955, 0.9172649104976007, 8.446242338182273, 1.9278135034811974, 0.9430998238478305, 1.5648590543429688, 1.7690226103663678, 3.1521120470911765, 7.5341486897274095, 2.554821474908337, 0.12417102016555513, 1.1053936886964537, 8.566425873406537, 1.5658098168765129, 3.871740433208824, 1.9238176192107492, 4.655165624698261, 3.3010738841064398, 4.141738878797831, 5.021258353358238, 2.3261562274795913, 3.9216266506790975, 4.731416385475432, 0.9396795089555117, 5.307257807693824, 1.8868537957803084, 0.5317566819528471, 5.346304626622959, 4.0274693885585915, 2.0333679965342757, 4.073899484278357, 4.4820165344732885, 1.052566769525632, 5.104661494755531, 4.08516824338026, 0.8164710445693011, 1.7506110438372142, 7.635421232906661, 2.3090496203198176, 4.627597585316058, 3.9454556146537847, 2.6499997161125948, 6.731352939708302, 4.738683879628905, 6.016896564866702, 4.310656990959325, 4.675752798347581, 4.842413233048224, 2.323127914014557, 5.838727553745636], [1.5222636138517296, 2.683663556355737, 1.8479771755718033, 2.1181832524871003, 1.337437170987552, 1.7515498533347107, 7.309183144365113, 2.6908523300810607, 8.483916920401509, 3.496365542211159, 2.9818823463643045, 3.6033318685818334, 0.9092410272418481, 2.6769754184953523, 1.110684406878037, 0.0, 0.41973499552741733, 4.257860515548343, 1.9670006080368465, 3.2113122074719733, 2.574080568365009, 0.47912915350264407, 7.6204880974262466, 2.9646548930874026, 1.3120396510974879, 0.8131505181917034, 2.8206476125258186, 2.2939123337172327, 6.828145487454279, 2.5462769089506514, 1.1911613917809816, 0.695877499782025, 7.715361036560081, 2.575938031000735, 3.011512475924988, 2.7017300336659553, 3.93571170679248, 3.0454302840868146, 3.7245907756194248, 4.389987152882318, 3.3820147403858445, 3.311175560640492, 4.421891616285338, 1.7155087666519429, 4.835111634502926, 2.804208184100509, 1.173631515081315, 4.55417760290986, 3.2859068570992336, 2.347545189068277, 3.446195006431354, 3.7203867073368246, 0.2106944222740072, 4.302155195891784, 3.6113259085483524, 1.0491324843765517, 2.1659510589152595, 6.832434274605995, 2.57586859209796, 3.966036260719558, 3.3734411788689167, 1.7899869475791599, 6.040074477473523, 3.909735226009377, 5.340892836980657, 3.6786954220722587, 4.331729785303373, 4.2524941319670715, 2.8192924019329926, 5.047103306854626], [1.930848936396317, 3.079735739712752, 2.148872582618142, 2.422464735739756, 1.6101012523026423, 2.1678134020544775, 7.72890062823483, 3.031320815158245, 8.901802001863208, 3.8936000719288817, 3.3992855794270236, 4.022355114941718, 0.8711438581122571, 3.009460170312685, 0.9045303144912188, 0.41973499552741733, 0.0, 4.675888886683701, 1.6187280147507437, 3.5688911268993806, 2.9938058946504995, 0.7133990310595352, 8.03810044605686, 2.8297277421673646, 1.415226714898074, 1.2134233082741117, 2.492832732763451, 2.713135185729463, 7.247173006241456, 2.8265635816013814, 0.9482685200046169, 0.9844428632948031, 8.131170190106525, 2.2303388157607023, 3.429789016841767, 2.712306423098825, 4.354047403787788, 3.3936344517526127, 4.1086772335174, 4.803276806501821, 3.2306042255122303, 3.7202129430441375, 4.789949360540619, 1.6997804275326727, 5.231374542998705, 2.7469270549875944, 0.8078788773180425, 4.973797232922531, 3.7045668129822538, 2.5258539411990784, 3.8573466384033983, 4.139883342184293, 0.22896021396078556, 4.721662080555029, 4.003889537690525, 0.6336169519675346, 2.304705915702655, 7.251306423314993, 2.7750608452942305, 4.381060014634748, 3.778365554226639, 2.2096519978150355, 6.4583699183190175, 4.328668637923495, 5.7581375510407, 4.090791876772334, 4.705800040252514, 4.661742734412609, 2.9452138263101095, 5.466645307104407], [2.768036430771589, 1.8146390470588405, 3.1724514035549953, 3.031588155043256, 3.562218963037253, 2.5098385585293626, 3.0880551207807123, 2.476473196881701, 4.3783600704161945, 1.2367237457570177, 1.277602991053749, 0.6671708636129485, 4.552765652419347, 2.5671090728727037, 4.964633672335352, 4.257860515548343, 4.675888886683701, 0.0, 5.965760769817011, 2.076623905500834, 1.7083460407712574, 4.116369176790294, 3.5459413878998, 5.864602134209061, 4.211658848158359, 3.483950133518232, 6.6427038324391114, 2.0177813572011263, 2.5770921720693174, 3.0953520891560786, 5.087987637147413, 3.8757095530840218, 3.7096448371489963, 6.498193880999464, 1.4086018740554076, 4.945773584040328, 0.3240781655690114, 2.2579443220464976, 1.4591698609722952, 0.40706800025050305, 6.2436967509013765, 1.0928031866577517, 1.8556730884867745, 4.6938879971174385, 1.2922035060784844, 5.3646276842176155, 5.312548725662496, 0.6019076508875413, 0.974420661975834, 3.8570939273937843, 0.9325508242634368, 0.5865047717767871, 4.463675742294911, 0.553866963665134, 1.2955150874618098, 5.289405770164859, 4.080054655804176, 2.71611709632008, 3.7272351334411224, 0.3904481099253935, 1.1346223254733596, 2.488128405012092, 1.7827817941321715, 0.7377412405967837, 1.0866717444213427, 0.7175209944160481, 1.6986814831103152, 0.5959728645380413, 4.2804188856495715, 0.9819358370365254], [3.2248878659071383, 4.207074509420653, 2.9463971922298673, 3.183697086508831, 2.4477081550434, 3.5107724576072568, 9.053737591971014, 3.8677414133991093, 10.302198090868165, 4.988450207748547, 4.706794429996764, 5.350015438764793, 1.4130244228421207, 3.8117127076150306, 1.0019129932144009, 1.9670006080368465, 1.6187280147507437, 5.965760769817011, 0.0, 4.444347259517653, 4.381349926524961, 1.8961970269967248, 9.44651875931839, 1.8290632318367632, 1.8494007102962318, 2.5505611476346135, 0.8836403170166677, 4.141560663454041, 8.533527848611966, 3.4304508065625168, 0.8795420867099702, 2.104180604610629, 9.564474295072186, 0.6117197521827901, 4.863524415080392, 2.307587172219694, 5.656852707590004, 4.2347563744632595, 5.105064874770554, 6.016735873678415, 2.104452452864149, 4.918048066630839, 5.659092549280845, 1.5862904165651024, 6.274662455784314, 2.0699721390010515, 0.8116984989797646, 6.347287843383244, 5.029276229821036, 2.795299608946932, 5.071396045795489, 5.483625684072045, 1.83394943434492, 6.10490878928225, 5.060987423612208, 1.095672251109005, 2.4863693289704423, 8.636732637196191, 3.0717894929509675, 5.626567644612135, 4.93763777460044, 3.636070778304251, 7.730136646746285, 5.736339123396747, 7.015091783243945, 5.3078969775728915, 5.614529868068914, 5.8333849868152035, 2.9309058376724466, 6.839966773776659], [1.8332820295308891, 0.8377471711925972, 1.5058647264771752, 1.2606702979304023, 2.0413314858548417, 1.7911737205832279, 4.933962900115574, 0.5766108437067663, 6.320149959828075, 0.8410871292918511, 1.4647532746880263, 1.8018638106403948, 3.105326924000526, 0.6372219787339033, 3.5041283653038144, 3.2113122074719733, 3.5688911268993806, 2.076623905500834, 4.444347259517653, 0.0, 1.7561700001853282, 2.870976769137182, 5.528957938747472, 3.9392549093928184, 2.5950102672933903, 2.42169480730175, 4.964407491336739, 1.934352170527852, 4.35663367851861, 1.1163942957535715, 3.6248718188426543, 2.594880025245576, 5.722764434158438, 4.884287369128065, 2.0647630010948026, 2.9680502890216527, 1.8978630874627205, 0.21833006955813772, 0.722610167436367, 1.9037934872023277, 4.284520129132295, 1.1220489809445922, 1.231970730236495, 2.953111609447814, 1.8671677473124846, 3.407773752823756, 3.969262436065418, 2.6573815168564625, 1.6356832912092467, 1.901231172366103, 1.2462014550945122, 1.9415888106036554, 3.4148840041806663, 2.513390807782527, 0.7966785178885515, 4.07313298712392, 2.174081425746256, 4.698477410414603, 1.7177812929707028, 1.6895922531747591, 1.0038354418521456, 2.0147646819558758, 3.567756902784418, 2.3666837335678292, 2.876628888463858, 1.388936131438553, 1.1719294995624976, 1.6546445302880681, 2.2440094041398884, 3.054377141994813], [1.1647093959096098, 0.9347564391572895, 1.9219735271579517, 1.9134990372490799, 2.127121654906368, 0.871634890075054, 4.735111113764021, 1.7136791655450363, 5.929590575981193, 1.3725138860146626, 0.5013320738852234, 1.0424107297852934, 2.986050291611704, 1.7924565656086688, 3.3845626134627955, 2.574080568365009, 2.9938058946504995, 1.7083460407712574, 4.381349926524961, 1.7561700001853282, 0.0, 2.491015398719549, 5.070127958984919, 4.602916451996786, 2.7663571950961026, 1.8389435060732469, 5.1265758464809315, 0.31701327825466546, 4.2597550013079974, 2.208979014028276, 3.504236273169985, 2.27919947770248, 5.183258608909105, 4.94740952929738, 0.5130441628460481, 3.8148147133953136, 1.3844103669296484, 1.7786710001475954, 1.7518459393947632, 1.90994114023782, 5.016800836683017, 1.0014547305516845, 2.52665723645187, 3.3037644775585924, 2.5612198656906644, 4.173311238499776, 3.6756311376781574, 1.9830923141410093, 0.7393229757861417, 2.7938344383618876, 1.067683340567555, 1.149630604550124, 2.7755902137614963, 1.7336795220242875, 1.5376959345630707, 3.6180801311416553, 2.917937508726002, 4.269456846046007, 2.777866281024187, 1.472380896767309, 1.1365351084393354, 0.7863291532719956, 3.4797286986893297, 1.355230631169452, 2.7944883498120787, 1.2555986999399122, 2.3793185332878597, 1.8386497645441457, 3.3316598460619566, 2.4769901000428045], [1.3497489496811883, 2.435883193166064, 1.4354907247070026, 1.7091006037028946, 0.8985256793413012, 1.6247019005294017, 7.196747856201192, 2.3250137489746505, 8.419325739957433, 3.2468967043817782, 2.8429437172059804, 3.4819640030147565, 0.5742948766498474, 2.3001646653597603, 0.9172649104976007, 0.47912915350264407, 0.7133990310595352, 4.116369176790294, 1.8961970269967248, 2.870976769137182, 2.491015398719549, 0.0, 7.560813920325114, 2.600978255497421, 0.8429493443483995, 0.654572600672414, 2.6861564844408843, 2.2455594667218777, 6.693224239826559, 2.1159463441708786, 1.0295214950422058, 0.27610508265707284, 7.673274547579913, 2.4788747359272607, 2.9680318576009084, 2.2505304812393705, 3.800332140437038, 2.6902891220442, 3.436817548191984, 4.206891985607349, 3.026898486602357, 3.1102341590337876, 4.0978984206531, 1.2928143013007718, 4.57771543948359, 2.3871604885219884, 1.1961905564861388, 4.466999895339834, 3.1607092224133324, 1.8714062447356494, 3.255547609386566, 3.6102972273831195, 0.6194639784713092, 4.22120962914848, 3.3467881073660344, 1.2165070905805062, 1.6868715359116515, 6.756727075788508, 2.1046766671402755, 3.7972643689954317, 3.153187936685974, 1.7398989466272068, 5.895236952167853, 3.8460035900314598, 5.185685316324734, 3.4919833927400634, 4.019773426706278, 4.047277445454827, 2.3403446038605216, 4.960853443329552], [6.221640304764918, 5.359883915646094, 6.7178093165084, 6.575545762079801, 7.090293451503574, 5.937342580287964, 0.8966884488534521, 5.9946269057312085, 0.8653290107256331, 4.726461848670583, 4.751038763797034, 4.108815568356352, 8.041110914903454, 6.082590435690772, 8.446242338182273, 7.6204880974262466, 8.03810044605686, 3.5459413878998, 9.44651875931839, 5.528957938747472, 5.070127958984919, 7.560813920325114, 0.0, 9.405479217093268, 7.742490043726996, 6.909039826422093, 10.161942312294231, 5.330611568815358, 1.4177671020431935, 6.608789794408871, 8.567461085335406, 7.342351781047336, 0.30058581335976664, 10.001048054915035, 4.609487409245627, 8.471157927973932, 3.8273573861982375, 5.732281332383771, 4.824282339974312, 3.6293645430927866, 9.77806217549292, 4.638598844056154, 4.801704680132286, 8.235833153715868, 3.899130158671211, 8.897737457959561, 8.744453456201164, 3.1012669534678263, 4.426282254634914, 7.384253758417042, 4.478316195507962, 3.969489865211328, 7.81344827581085, 3.341625006290154, 4.735528476096099, 8.669599736395813, 7.618705557120532, 0.8326745356823985, 7.2340579341605125, 3.924601579217536, 4.670601791619561, 5.838560521716494, 2.0340166535057014, 3.716635790937643, 2.664051715917734, 4.257310131624992, 4.71021353347523, 3.874480776842183, 7.772052505786985, 2.6115872685191555], [3.509444632713694, 4.063536943733336, 2.722556904853452, 2.834079881005986, 2.4929658097560066, 3.8007062336264767, 8.861109077353298, 3.422805492207744, 10.22252837032854, 4.689887563343793, 4.754954926059851, 5.363677503231898, 2.0585996942924147, 3.3385653119140173, 1.9278135034811974, 2.9646548930874026, 2.8297277421673646, 5.864602134209061, 1.8290632318367632, 3.9392549093928184, 4.602916451996786, 2.600978255497421, 9.405479217093268, 0.0, 1.910385866905138, 3.089354800697666, 1.5744740801501214, 4.466928571474985, 8.290666984527261, 2.824612249681373, 1.9065095039380715, 2.622932445967854, 9.574243220087624, 1.7305691840817865, 5.115610404698681, 1.0002656308896891, 5.60182611516254, 3.7233953763581984, 4.66166824810939, 5.790129318875854, 0.42984919257769744, 4.7734124188910485, 4.997759734719817, 1.3562824794005288, 5.7844575988001345, 0.5525716850132117, 2.2622076497713013, 6.366442436351612, 5.069396116341864, 2.038867934095824, 4.933217527852481, 5.512962813101789, 2.9553458818716707, 6.158252549218383, 4.702741736903583, 2.622819360515566, 1.7872191091303724, 8.573221652445028, 2.2350308361068505, 5.4818135057523865, 4.735009220528937, 4.034415862294968, 7.4952362396354495, 5.862638169151682, 6.791569211553393, 5.1494379623049396, 5.006076162016036, 5.558824652627154, 1.79601737605365, 6.829913292250621], [1.6263559951919584, 2.4102469349460667, 1.100258414129969, 1.3344460548282537, 0.6525854461163701, 1.9239281783948983, 7.28928684179585, 2.018399573750761, 8.58544064489993, 3.163744484701042, 2.9991343528173067, 3.636593933397871, 0.6088260373887094, 1.963424122250031, 0.9430998238478305, 1.3120396510974879, 1.415226714898074, 4.211658848158359, 1.8494007102962318, 2.5950102672933903, 2.7663571950961026, 0.8429493443483995, 7.742490043726996, 1.910385866905138, 0.0, 1.1889739187004755, 2.435150710003626, 2.5944096686940576, 6.750529059349565, 1.6125904790479793, 1.0552873994721381, 0.7552110822014362, 7.883897506827277, 2.314513426657315, 3.2768521597722593, 1.417357404327932, 3.917386666009648, 2.386041353170018, 3.2600616332299626, 4.221061977795618, 2.339344878391915, 3.1340903501506476, 3.8127607274456947, 0.5563395572689978, 4.430555832321862, 1.6034428977542508, 1.4584721030012806, 4.648859886540595, 3.3234456436349977, 1.133550489123984, 3.292026419024679, 3.779559059552065, 1.4095319247148879, 4.420409133308317, 3.2261332928826216, 1.6681043285627706, 0.8910105115275828, 6.9189969333718055, 1.3994098849124899, 3.8525432847132346, 3.13593817012811, 2.138134479323904, 5.945170776919217, 4.085711637067241, 5.228809883159973, 3.5250981532776566, 3.7656346774183236, 4.023044795459244, 1.5306416322006524, 5.132823845980403], [0.7205496141147208, 1.8706164474559261, 1.1830286065017408, 1.430486758507304, 0.8107286699471562, 0.9783634141543167, 6.55645026795455, 1.926807315407458, 7.768441295662718, 2.683627732987826, 2.2068623466307, 2.8411117944508857, 1.1889405533866564, 1.924817797499139, 1.5648590543429688, 0.8131505181917034, 1.2134233082741117, 3.483950133518232, 2.5505611476346135, 2.42169480730175, 1.8389435060732469, 0.654572600672414, 6.909039826422093, 3.089354800697666, 1.1889739187004755, 0.0, 3.329696179389143, 1.5910308204207002, 6.0604905588314555, 1.8864457128181762, 1.6803621355391076, 0.48640697058484084, 7.019662302508753, 3.130012882099879, 2.313472535388198, 2.56220695182873, 3.1650034218282603, 2.26764651060654, 2.913412044760936, 3.595141127458379, 3.519192306384436, 2.507904904700758, 3.6196356212535505, 1.7343414992414257, 4.022282870108092, 2.7891393304481964, 1.8381460516522676, 3.818443969063679, 2.5204544443226378, 1.9005878974227826, 2.646807477421387, 2.966255371434065, 1.0235408397370371, 3.571230108464159, 2.7981951255129043, 1.8085144632203631, 1.8162625465865616, 6.10725061098062, 2.0717134578228893, 3.1770064167311562, 2.5649501253536573, 1.0860336953043555, 5.26602023256629, 3.1931905891432453, 4.560485716341489, 2.8812784836521392, 3.5253732652220378, 3.4493045500222803, 2.445945057721777, 4.312504098398314], [3.9618690208684857, 4.845386450130575, 3.5177910622088406, 3.7220289369863675, 3.080884556956327, 4.256594953206952, 9.723762865641929, 4.3957238456900605, 11.009889015357228, 5.590988601814582, 5.410984152924254, 6.05322336707759, 2.145828957475055, 4.327802484156746, 1.7690226103663678, 2.8206476125258186, 2.492832732763451, 6.6427038324391114, 0.8836403170166677, 4.964407491336739, 5.1265758464809315, 2.6861564844408843, 10.161942312294231, 1.5744740801501214, 2.435150710003626, 3.329696179389143, 0.0, 4.908435484336157, 9.185590271274272, 3.8837102482754133, 1.660527053503809, 2.8576923670883487, 10.293999531626092, 0.3107315365302357, 5.6229575813477854, 2.383896681992034, 6.34404276983718, 4.747850189668442, 5.659435851338538, 6.655782594347533, 1.6746942815522716, 5.568881734825923, 6.139162484150798, 2.0113245173224232, 6.826704994529322, 2.0149499694456896, 1.6905543786868025, 7.061880526548518, 5.735816936311018, 3.1572309291473917, 5.726486651905732, 6.192717777905137, 2.7021021018026277, 6.826669112896478, 5.644479541470835, 1.97747881161045, 2.8490510282170836, 9.342575675378564, 3.415798880105896, 6.28678496539582, 5.57061227982825, 4.411125051059469, 8.380230739371006, 6.473856882789973, 7.663899683839504, 5.959993331745674, 6.114748288761315, 6.455040834149202, 3.134553203059139, 7.550355062953055], [0.9684280755834811, 1.0966060287220842, 1.8484677537149283, 1.8851846983327456, 1.9747289624809214, 0.6705035168515947, 5.0219252754506645, 1.8009481455352316, 6.192840233024216, 1.6497325571508472, 0.813733072795844, 1.3506645816915224, 2.7627219188749526, 1.870381014242957, 3.1521120470911765, 2.2939123337172327, 2.713135185729463, 2.0177813572011263, 4.141560663454041, 1.934352170527852, 0.31701327825466546, 2.2455594667218777, 5.330611568815358, 4.466928571474985, 2.5944096686940576, 1.5910308204207002, 4.908435484336157, 0.0, 4.556428625846321, 2.231579026499171, 3.269404389097642, 2.051137485482607, 5.433726971787766, 4.7178849609389975, 0.723562365209783, 3.724933249192177, 1.6944887011735421, 1.9246771199582176, 2.016362023124293, 2.2267109283946587, 4.887096173840874, 1.2983550847366994, 2.7962156094899644, 3.1427499323934756, 2.8707984418065893, 4.061760448522162, 3.416583621125707, 2.2622388047942654, 1.0539323898463782, 2.7447715843592295, 1.3758937838838599, 1.450109977092777, 2.491574251698589, 2.0091476985654277, 1.8117641034315124, 3.3419027278136264, 2.8367361684094106, 4.538784733896924, 2.760501793050052, 1.7891645760411876, 1.4252318700617541, 0.5084628305940226, 3.7818723462525954, 1.6161778434351735, 3.102357379303879, 1.5699907882264865, 2.653804095905147, 2.154538852301632, 3.2994364151937576, 2.7542243099542203], [5.345127915619248, 4.340665405446008, 5.677935388258063, 5.501257682144381, 6.1087508120257334, 5.084784301776041, 0.5985907733390393, 4.870945707845296, 2.036958447767567, 3.6147884805089245, 3.8536320086157154, 3.224824839777988, 7.121035686790153, 4.953373375215339, 7.5341486897274095, 6.828145487454279, 7.247173006241456, 2.5770921720693174, 8.533527848611966, 4.35663367851861, 4.2597550013079974, 6.693224239826559, 1.4177671020431935, 8.290666984527261, 6.750529059349565, 6.0604905588314555, 9.185590271274272, 4.556428625846321, 0.0, 5.466793689249014, 7.6578898604691465, 6.450774341097365, 1.7014958180984627, 9.054488076321928, 3.8757350191891415, 7.324683016192128, 2.895594524214823, 4.570066453624482, 3.634926390231621, 2.5305086996354555, 8.641071718467002, 3.619603436323799, 3.489217205471054, 7.205340602884959, 2.5948618451724275, 7.763559464198202, 7.889413177294414, 2.322054998308628, 3.5430688267468415, 6.252204817953077, 3.4640070607096884, 3.110165840073441, 7.032197788024142, 2.577213143257465, 3.5892407954263272, 7.864174526289913, 6.510575157269011, 0.859352944286167, 6.074075587901827, 2.9070195420408305, 3.615375452349075, 5.045932820166273, 0.8053598248148894, 2.9887850003753216, 1.5217431649079083, 3.2284971121558446, 3.41745323588157, 2.7422252087997023, 6.588367435278609, 1.8600357147503805], [1.6051925667670761, 1.3937132252952522, 0.7072161611943875, 0.46086831365026204, 1.217452282331787, 1.7499036376332657, 6.039769375859366, 0.618938327799839, 7.413258947340248, 1.882375278005054, 2.1568430620867374, 2.6813899954751412, 2.1899907263517147, 0.5283601412008027, 2.554821474908337, 2.5462769089506514, 2.8265635816013814, 3.0953520891560786, 3.4304508