0.000000000000000000e+00,1.179427328415343146e+00,1.023747553283154810e+00,1.165281758771185228e+00,1.018230967822622679e+00,2.988392853303764585e-01,5.847003773186058240e+00,1.427886179292713553e+00,7.077599546020597820e+00,1.984291512752988096e+00,1.493264822890744581e+00,2.132533232575108517e+00,1.822897148123545197e+00,1.455177265073004378e+00,2.224945417949879545e+00,1.522263613851729591e+00,1.930848936396317050e+00,2.768036430771589007e+00,3.224887865907138274e+00,1.833282029530889146e+00,1.164709395909609757e+00,1.349748949681188304e+00,6.221640304764918028e+00,3.509444632713694112e+00,1.626355995191958392e+00,7.205496141147208489e-01,3.961869020868485691e+00,9.684280755834810961e-01,5.345127915619247716e+00,1.605192566767076112e+00,2.345877182401897354e+00,1.120787038798423341e+00,6.341930861028598265e+00,3.784779487605245851e+00,1.665173962049230738e+00,2.813549188304222515e+00,2.450977958286251646e+00,1.716029927487545237e+00,2.242003983742931084e+00,2.874632953115813905e+00,3.932690392356235076e+00,1.789512134236064478e+00,2.978452600164707142e+00,2.176432624377331315e+00,3.321695917521432673e+00,3.124241625389261756e+00,2.545368522821763069e+00,3.122916173136269347e+00,1.811232344081710632e+00,1.917272571594014430e+00,1.926840327784271611e+00,2.262216785114623541e+00,1.732681188358887736e+00,2.880022326038242930e+00,2.108254682132548741e+00,2.528841052181735716e+00,1.950387186518842242e+00,5.412823692217394012e+00,1.998091693987441797e+00,2.456836846371739824e+00,1.851827846394743071e+00,5.342266224106421157e-01,4.548799543886017815e+00,2.515151084773812773e+00,3.841685581871455035e+00,2.160958545406188147e+00,2.871459478906134066e+00,2.731031177271003418e+00,2.487471099376103112e+00,3.616089868137593921e+00,1.994547985410619617e+00,2.552135794904208499e+00,1.987258787994013787e+00,5.731886365505877379e+00,3.308441648603873020e+00,2.356573609907707034e+00,4.105431248343114348e+00,5.544127270659773288e+00,2.323216555132616712e+00,2.444041978019240169e+00,5.624800732784747126e+00,2.463142212654938490e+00,1.599054612048284474e+00,4.004127268487525981e+00,4.148660790306239576e+00,3.675832385532467050e+00,1.583899529046070009e+00,7.387905304243254090e-01,6.211550637914013073e+00,4.291679955132484459e+00,3.241067662106795755e+00,4.185774716792898253e+00,2.159800630767465091e+00,2.755842059393384780e+00,4.067831715753171373e+00,3.872530122260751995e+00,1.909989479189505790e+00,2.738246505138657305e+00,5.693833598282848740e+00,5.710798099029228414e-01
1.179427328415343146e+00,0.000000000000000000e+00,1.357936973293502492e+00,1.232538671634111349e+00,1.768908420991395669e+00,1.045765157537149825e+00,4.879983131464528334e+00,8.206330702314023062e-01,6.192567751945566634e+00,8.139311983957574492e-01,7.651981668107493695e-01,1.309349640720974151e+00,2.801480902174541932e+00,9.085092265882638296e-01,3.215474057146178399e+00,2.683663556355737168e+00,3.079735739712751830e+00,1.814639047058840493e+00,4.207074509420652753e+00,8.377471711925972286e-01,9.347564391572894538e-01,2.435883193166064054e+00,5.359883915646094010e+00,4.063536943733335960e+00,2.410246934946066677e+00,1.870616447455926146e+00,4.845386450130575007e+00,1.096606028722084236e+00,4.340665405446007874e+00,1.393713225295252212e+00,3.339643714819967357e+00,2.171780763308321038e+00,5.517747854010241149e+00,4.715540344876378853e+00,1.313916341233021479e+00,3.174706243803910422e+00,1.539406667682526431e+00,8.439456859517130427e-01,1.067514352018670731e+00,1.813000391664289612e+00,4.452361189604904013e+00,7.256465085160677120e-01,1.824843678923835366e+00,2.880478727854884458e+00,2.151907484539977489e+00,3.578150453854527235e+00,3.614103452828263841e+00,2.303361507909198025e+00,1.039662043846998785e+00,2.095127595479283844e+00,8.850800143822552535e-01,1.460074698551260930e+00,2.894142444443235984e+00,2.101122967023302479e+00,9.296358177934670453e-01,3.649237143115883431e+00,2.289477261976717415e+00,4.530679306398462280e+00,2.012730310608706663e+00,1.445308766333474493e+00,7.305729967236772593e-01,1.222102883995255906e+00,3.535352841106477850e+00,1.841498196507354246e+00,2.818932775446068462e+00,1.115656305599038944e+00,1.706497225824254338e+00,1.626957230000425580e+00,2.578075138290184753e+00,2.767818016742287224e+00,1.541030254800946908e+00,1.592382963399196161e+00,1.926875955915913874e+00,4.836700395673907416e+00,4.290258625664186809e+00,1.275821684861287109e+00,3.237761497284338930e+00,6.197462066004051806e+00,1.280181849288700269e+00,1.847667937721554576e+00,6.197123196144358914e+00,1.328896334306761018e+00,1.257398557707850584e+00,2.979289658186300205e+00,3.064868653854648795e+00,2.509126146630929366e+00,1.065828111413644530e+00,1.259379651805451639e+00,6.856206886276711820e+00,3.431499018012525770e+00,2.068948875242904606e+00,4.842192786984337083e+00,1.035623934102047006e+00,1.760720922588216997e+00,4.574242669717449417e+00,2.972475382863949633e+00,1.730895068407904747e+00,1.816431808077348498e+00,4.749376514566237439e+00,1.674731332208877266e+00
1.023747553283154810e+00,1.357936973293502492e+00,0.000000000000000000e+00,2.736583059819613917e-01,5.498547500237016550e-01,1.245163674871963222e+00,6.226973196451589310e+00,9.322051958721323528e-01,7.549773130300235557e+00,2.073393431145181154e+00,2.032733771475890183e+00,2.643796682286059241e+00,1.601583093900097454e+00,8.892481795215683160e-01,1.998287985493028662e+00,1.847977175571803299e+00,2.148872582618142069e+00,3.172451403554995331e+00,2.946397192229867290e+00,1.505864726477175175e+00,1.921973527157951667e+00,1.435490724707002563e+00,6.717809316508399853e+00,2.722556904853452142e+00,1.100258414129968942e+00,1.183028606501740798e+00,3.517791062208840636e+00,1.848467753714928330e+00,5.677935388258062765e+00,7.072161611943874604e-01,2.119026038607645379e+00,1.167390251433309212e+00,6.874230721756803497e+00,3.411401538196410677e+00,2.427048574847911588e+00,1.893142216660353983e+00,2.894768187463894193e+00,1.303834298636211919e+00,2.159902186549544023e+00,3.148079799369861043e+00,3.123231649504451202e+00,2.081341040350636273e+00,2.734052754312216837e+00,1.527943636077515821e+00,3.330334974953514493e+00,2.262784692899816541e+00,2.469924042553100829e+00,3.651154308486778799e+00,2.346959059617339083e+00,9.041421038582562186e-01,2.241436259504226758e+00,2.792385669888669764e+00,2.032330008948135092e+00,3.438123368069371466e+00,2.128888303930193349e+00,2.597394487204991442e+00,9.959920624012372770e-01,5.888555481478136677e+00,9.758257299785993988e-01,2.800010158057444354e+00,2.065769246623212041e+00,1.530749992687422623e+00,4.873244755505003134e+00,3.140747016727716723e+00,4.158254018960642284e+00,2.468270430882409272e+00,2.677633809941129428e+00,2.940032249880769832e+00,1.470666191890577679e+00,4.122276750409127111e+00,2.727351640471691319e+00,2.950295987113207286e+00,9.751903060730466866e-01,6.194018569945381358e+00,3.027428755862201726e+00,2.613249175961727122e+00,4.594887972607724080e+00,4.845495286753296327e+00,2.630756509142940125e+00,3.115855967841905994e+00,4.861221640764881613e+00,2.622547552294586914e+00,7.925664308382200929e-01,4.316557388184078192e+00,4.367462884319125216e+00,3.687958595546397156e+00,9.223225662029442828e-01,1.718962079473627780e+00,5.506617316487828262e+00,4.788432630822512692e+00,3.058215586869823532e+00,3.487236310232427527e+00,1.937923960923088718e+00,3.115388186461198305e+00,3.250007494271279995e+00,4.330406999534420542e+00,9.386740210738387935e-01,2.151170006933955214e+00,6.101382799488956898e+00,1.508491523463372896e+00
1.165281758771185228e+00,1.232538671634111349e+00,2.736583059819613917e-01,0.000000000000000000e+00,8.214485413712090400e-01,1.340524906970771202e+00,6.058577852511070283e+00,6.840993584435083319e-01,7.399256859175189938e+00,1.886810938600337550e+00,1.955791221871524765e+00,2.539987861338857567e+00,1.861493343469413642e+00,6.306884045398900573e-01,2.251864681875307195e+00,2.118183252487100265e+00,2.422464735739755959e+00,3.031588155043256183e+00,3.183697086508831209e+00,1.260670297930402306e+00,1.913499037249079882e+00,1.709100603702894627e+00,6.575545762079801015e+00,2.834079881005985957e+00,1.334446054828253736e+00,1.430486758507304001e+00,3.722028936986367498e+00,1.885184698332745601e+00,5.501257682144380823e+00,4.608683136502620403e-01,2.371070957874569896e+00,1.440481723321458629e+00,6.740890955647674154e+00,3.629961090743562657e+00,2.403093628123006198e+00,1.946925600129813638e+00,2.768259296684890458e+00,1.052013839364847492e+00,1.938252815325728795e+00,2.977650493392964393e+00,3.220039538078407482e+00,1.939584398269782017e+00,2.480936424199785773e+00,1.715260817973667473e+00,3.107576964462930302e+00,2.345709976745780967e+00,2.732567795761533080e+00,3.535432297258145340e+00,2.257657934424936563e+00,8.850301703260841091e-01,2.099544189734146471e+00,2.690376981683961333e+00,2.304319400964577103e+00,3.333125453408128269e+00,1.926923376525506493e+00,2.867632152004727875e+00,1.057128933713083585e+00,5.744048469460928175e+00,8.755257478715190445e-01,2.650982763965678224e+00,1.906558859227101221e+00,1.632214776621815799e+00,4.698560890093999021e+00,3.059300366579028374e+00,3.986566571457240471e+00,2.318247851739170695e+00,2.431270473254631082e+00,2.759056980223189015e+00,1.419355266656450620e+00,3.996017254842520128e+00,2.686805572945282883e+00,2.811536540914183924e+00,8.386220612707904198e-01,6.044986559487588451e+00,3.263719663784953262e+00,2.448420367962462318e+00,4.460645140491893201e+00,4.973450519466833697e+00,2.476975994546090298e+00,3.048786327736511037e+00,4.965220165056025259e+00,2.436890763055838516e+00,5.230420887151457920e-01,4.142796600349267777e+00,4.174212570198202243e+00,3.462921441415132140e+00,6.507531265649757479e-01,1.804703986865342280e+00,5.629601718617764483e+00,4.654788700293337911e+00,2.810084297823755239e+00,3.624024224105070857e+00,1.698137627063462274e+00,2.964756746200101656e+00,3.341704422182652845e+00,4.190136450764768483e+00,7.447770831577091855e-01,1.877517503612159189e+00,5.939693036135325954e+00,1.693265828193188938e+00
1.018230967822622679e+00,1.768908420991395669e+00,5.498547500237016550e-01,8.214485413712090400e-01,0.000000000000000000e+00,1.307753184731997864e+00,6.643323695388684946e+00,1.473818641045210764e+00,7.934002882335041917e+00,2.540874870068481783e+00,2.346769865426122426e+00,2.984014383145014104e+00,1.067270269104739544e+00,1.436294342809579350e+00,1.473725819565929296e+00,1.337437170987552104e+00,1.610101252302642338e+00,3.562218963037253161e+00,2.447708155043399891e+00,2.041331485854841699e+00,2.127121654906368065e+00,8.985256793413012311e-01,7.090293451503574040e+00,2.492965809756006568e+00,6.525854461163701492e-01,8.107286699471561997e-01,3.080884556956327014e+00,1.974728962480921446e+00,6.108750812025733445e+00,1.217452282331787039e+00,1.596665539814758672e+00,6.425143901977968808e-01,7.231312358542596463e+00,2.946642988943249719e+00,2.639553660559503356e+00,1.820837853050871313e+00,3.266067510415171071e+00,1.845291075056523011e+00,2.668027696167807772e+00,3.581889521270849031e+00,2.915046564352189229e+00,2.489597609306881676e+00,3.272847969350247688e+00,1.176770512080028919e+00,3.833924575294681780e+00,2.109735872001811341e+00,1.927940403092803345e+00,3.996278375213376588e+00,2.670975451861751893e+00,1.091435298335254878e+00,2.646496605375188604e+00,3.127006502504515506e+00,1.509155890222114937e+00,3.768138094272102556e+00,2.614476490850728752e+00,2.047629043888857137e+00,1.015076389931798051e+00,6.267307769175642029e+00,1.277464353465462166e+00,3.206414571839937278e+00,2.498082090557987467e+00,1.548487112544786548e+00,5.303581266827077201e+00,3.435938898215628701e+00,4.587191667799606520e+00,2.880838536494116919e+00,3.210017598565746866e+00,3.390515995720513320e+00,1.635782013222260245e+00,4.480348337808263359e+00,2.960768957537702306e+00,3.339502767959924068e+00,1.328992041878330532e+00,6.579199856100050425e+00,2.530241227935015491e+00,3.044661235395792698e+00,4.962742156985270547e+00,4.551849647959833156e+00,3.046297587622831760e+00,3.387163014568497221e+00,4.615626722042470931e+00,3.082312560222055797e+00,1.328663715966271752e+00,4.747834639121807143e+00,4.827318766533694294e+00,4.193320680704863079e+00,1.471802907302825147e+00,1.755148102175785318e+00,5.218613669159027246e+00,5.154207290667270236e+00,3.591676650945257787e+00,3.189440800100618478e+00,2.466305228578290709e+00,3.520499622350611091e+00,3.049875797147814538e+00,4.709587650925961100e+00,1.372635604512691732e+00,2.696470265701011559e+00,6.507360031357205976e+00,1.321064152389076929e+00
2.988392853303764585e-01,1.045765157537149825e+00,1.245163674871963222e+00,1.340524906970771202e+00,1.307753184731997864e+00,0.000000000000000000e+00,5.578205013568616977e+00,1.468003805089159064e+00,6.795063606945390688e+00,1.816495028142286250e+00,1.232323299623792501e+00,1.863121404900321521e+00,2.114606017231376978e+00,1.512404120476138703e+00,2.513113864613747861e+00,1.751549853334710694e+00,2.167813402054477478e+00,2.509838558529362551e+00,3.510772457607256758e+00,1.791173720583227880e+00,8.716348900750540141e-01,1.624701900529401666e+00,5.937342580287963578e+00,3.800706233626476749e+00,1.923928178394898270e+00,9.783634141543167129e-01,4.256594953206952248e+00,6.705035168515947053e-01,5.084784301776040571e+00,1.749903637633265729e+00,2.633037613407180899e+00,1.407720181458272934e+00,6.053776289608074457e+00,4.075791953592755590e+00,1.367767056760233357e+00,3.083672312369367230e+00,2.189343294151423258e+00,1.706623203984192871e+00,2.110172456420771780e+00,2.640810599667499314e+00,4.222523830177128623e+00,1.576937820881792796e+00,2.870358343681942426e+00,2.472533196911012698e+00,3.141522873774473812e+00,3.406057184196273457e+00,2.815807808684085867e+00,2.842305886233271739e+00,1.542810855524971103e+00,2.149030760058619816e+00,1.703652962014535310e+00,1.987924279856373211e+00,1.959462631201362548e+00,2.596763687989890101e+00,1.953732170400138246e+00,2.779662607728378809e+00,2.207796572469503005e+00,5.132044261315140687e+00,2.203225775147028553e+00,2.214812421917771168e+00,1.656703913440507492e+00,2.918030957486335009e-01,4.292612308760354267e+00,2.225721043844822056e+00,3.590521966658942077e+00,1.932828682549134758e+00,2.751806892264941240e+00,2.513358667499150378e+00,2.715596993652001689e+00,3.336190871451012008e+00,1.697801345629748715e+00,2.297701029424496166e+00,2.177972002426483922e+00,5.452231326451257409e+00,3.594164571328497981e+00,2.135409381522187289e+00,3.825995751038746118e+00,5.842063935458054580e+00,2.091338557533808817e+00,2.150351010656028183e+00,5.919848948006682043e+00,2.262362855073036805e+00,1.714467599936938313e+00,3.752726053938857831e+00,3.913976190007155687e+00,3.490331089143055898e+00,1.657239309812070571e+00,4.740580703107452609e-01,6.509476999372244777e+00,4.010768544150691284e+00,3.111121057167975934e+00,4.483121493704634197e+00,2.070213368514983721e+00,2.506218697082531754e+00,4.356991336376374591e+00,3.598238936644763797e+00,2.074610747602563698e+00,2.737879357746104247e+00,5.421419350988544217e+00,6.310415551799668510e-01
5.847003773186058240e+00,4.879983131464528334e+00,6.226973196451589310e+00,6.058577852511070283e+00,6.643323695388684946e+00,5.578205013568616977e+00,0.000000000000000000e+00,5.438664119908453998e+00,1.439076460675540403e+00,4.175650996596569797e+00,4.354029997880618730e+00,3.715499943269008121e+00,7.640775350981395597e+00,5.522543841854719027e+00,8.052443176718446338e+00,7.309183144365112739e+00,7.728900628234829817e+00,3.088055120780712315e+00,9.053737591971014353e+00,4.933962900115574257e+00,4.735111113764021162e+00,7.196747856201191951e+00,8.966884488534521136e-01,8.861109077353297891e+00,7.289286841795849625e+00,6.556450267954549993e+00,9.723762865641928599e+00,5.021925275450664472e+00,5.985907733390393171e-01,6.039769375859365574e+00,8.175699800401201145e+00,6.960732376561084678e+00,1.195964993081444661e+00,9.584607262767887548e+00,4.322373746145497186e+00,7.900868733493679130e+00,3.398336130977227754e+00,5.145709983668230514e+00,4.214043933962805077e+00,3.081129746997123942e+00,9.216380356519294992e+00,4.155247061855293467e+00,4.086886799177976037e+00,7.754853002464092704e+00,3.190987035700111552e+00,8.337623453241809202e+00,8.391906618634898507e+00,2.761937256261685736e+00,4.036498741609666041e+00,6.824202236681768063e+00,3.997313897367061664e+00,3.591387966043746438e+00,7.510357616546606607e+00,3.017101730368025869e+00,4.158524621917448094e+00,8.351774745347221085e+00,7.077650338462090573e+00,7.152257735826347274e-01,6.651672152116552716e+00,3.436986929512171329e+00,4.161233405404330732e+00,5.520239929736708184e+00,1.366522872076786577e+00,3.422646936624546665e+00,2.072264113209668412e+00,3.764426758456067557e+00,4.013343880975670963e+00,3.303736472586154438e+00,7.171061775021639662e+00,2.275713776189256521e+00,4.014099282413524428e+00,3.309206160642521155e+00,6.529223387984190552e+00,5.332529826533427553e-01,9.137435656514613314e+00,3.613891345733449612e+00,1.798570844556629966e+00,1.100747059536241679e+01,3.599831474519526786e+00,3.548323537099765002e+00,1.095189584271038008e+01,3.629006872654583660e+00,5.859613643283519302e+00,1.917797031350031434e+00,1.972474031789339222e+00,2.930777680286878351e+00,5.613811597707988099e+00,5.369597818924263244e+00,1.165213770472080057e+01,1.641563580344582718e+00,3.774619924207534893e+00,9.673683169044052121e+00,4.530094508797481545e+00,3.122877508459745766e+00,9.325022799251520667e+00,1.987842164373699871e+00,6.291809687568753695e+00,5.140526575292917677e+00,2.232576743061551461e-01,6.087308096050455752e+00
1.427886179292713553e+00,8.206330702314023062e-01,9.322051958721323528e-01,6.840993584435083319e-01,1.473818641045210764e+00,1.468003805089159064e+00,5.438664119908453998e+00,0.000000000000000000e+00,6.803365249211030807e+00,1.269238186294765036e+00,1.582611939721343175e+00,2.073946763930072379e+00,2.533607811043326663e+00,9.235982587558566603e-02,2.929941819314267004e+00,2.690852330081060728e+00,3.031320815158244919e+00,2.476473196881701089e+00,3.867741413399109263e+00,5.766108437067662962e-01,1.713679165545036298e+00,2.325013748974650518e+00,5.994626905731208488e+00,3.422805492207744216e+00,2.018399573750761178e+00,1.926807315407458088e+00,4.395723845690060472e+00,1.800948145535231637e+00,4.870945707845296013e+00,6.189383277998390387e-01,3.050225520206230279e+00,2.049558436086309943e+00,6.174372834878914418e+00,4.310632334263842402e+00,2.130625801523072571e+00,2.476570117418816164e+00,2.246947902946958120e+00,3.717893710980841870e-01,1.266523465600675635e+00,2.369637628261588524e+00,3.785346888225362694e+00,1.413774847304722027e+00,1.801849447119090009e+00,2.384890757251630689e+00,2.431027942035922429e+00,2.904970540795825062e+00,3.400520326297449714e+00,3.022004155419518945e+00,1.836459082418421707e+00,1.390190347620588573e+00,1.566213303939210988e+00,2.223455594559939019e+00,2.889436573888382043e+00,2.844824252284998689e+00,1.281746531001765721e+00,3.515563740172250373e+00,1.639642390893516044e+00,5.161982162011669040e+00,1.251317826823303614e+00,2.086977449099429727e+00,1.343785297302967585e+00,1.735072624179166745e+00,4.073292568009349246e+00,2.627468669706521265e+00,3.368782320522202944e+00,1.760298879761329927e+00,1.747901540341499027e+00,2.136048899806765267e+00,1.808994114382812990e+00,3.456615949597632742e+00,2.361115775742440803e+00,2.264478459232537766e+00,1.147676383866311545e+00,5.454589071139580803e+00,3.947807620726212718e+00,1.858307632267721221e+00,3.902661467505976756e+00,5.569349432585508630e+00,1.907447324934992139e+00,2.649402444762510633e+00,5.528381102290989446e+00,1.810219113945205960e+00,4.554470566171974766e-01,3.521098282884201680e+00,3.525549156713146726e+00,2.784341543273368025e+00,2.452584048765391045e-01,1.850595271811816822e+00,6.216739066113352585e+00,4.096581644431448233e+00,2.127508317026793883e+00,4.236858950902377074e+00,1.014451262925054387e+00,2.392164587847750212e+00,3.898656978818865859e+00,3.623327521659825745e+00,9.321660082312337448e-01,1.321679011875317444e+00,5.329907998090602561e+00,1.998892428655046460e+00
7.077599546020597820e+00,6.192567751945566634e+00,7.549773130300235557e+00,7.399256859175189938e+00,7.934002882335041917e+00,6.795063606945390688e+00,1.439076460675540403e+00,6.803365249211030807e+00,0.000000000000000000e+00,5.534233629901661011e+00,5.601042545074633061e+00,4.957753667115078144e+00,8.894775026688686026e+00,6.889870985736801678e+00,9.301217143943880217e+00,8.483916920401508577e+00,8.901802001863208247e+00,4.378360070416194461e+00,1.030219809086816518e+01,6.320149959828074593e+00,5.929590575981192657e+00,8.419325739957432830e+00,8.653290107256330632e-01,1.022252837032853989e+01,8.585440644899929197e+00,7.768441295662717572e+00,1.100988901535722775e+01,6.192840233024216268e+00,2.036958447767566849e+00,7.413258947340247929e+00,9.422821355857474046e+00,8.198365996358093710e+00,8.481008410625315852e-01,1.085311029772254088e+01,5.472525794865565452e+00,9.277201396240560172e+00,4.668054043544163534e+00,6.527707257318380307e+00,5.606573326898302234e+00,4.433729184854486860e+00,1.058864175942545494e+01,5.468457188910980094e+00,5.519623204894140045e+00,9.072238503550376976e+00,4.620382706946431384e+00,9.708314267408951537e+00,9.604906771826039247e+00,3.954927561896141697e+00,5.276761133790066616e+00,8.193396581489492903e+00,5.308337404556508154e+00,4.820626496544051953e+00,8.677422653194492241e+00,4.198322355559427344e+00,5.532753246957371474e+00,9.532959830926934330e+00,8.435396431567575348e+00,1.667350497092026096e+00,8.033624155861536664e+00,4.750639225918933839e+00,5.492712202003414035e+00,6.700463234501470744e+00,2.768202049671073084e+00,4.577702704742420359e+00,3.443550099844439494e+00,5.083123630627184752e+00,5.441205676093731292e+00,4.671180796101404020e+00,8.563623731138539696e+00,3.462744638278748788e+00,5.146997484450298366e+00,4.601034767116454205e+00,7.914563600314312275e+00,1.355915205667256318e+00,1.038580229466096405e+01,4.953139692918298032e+00,2.975057962036145920e+00,1.236804530069439423e+01,4.922716800337807008e+00,4.675657288282024204e+00,1.233036940963400774e+01,4.996838941127814238e+00,7.235420603162510567e+00,3.299232170460180136e+00,3.400156992092002728e+00,4.368207682120414326e+00,6.990254514717941348e+00,6.531409810036044483e+00,1.301886350468033982e+01,2.786599738010199001e+00,5.211222096721259689e+00,1.102314520847877866e+01,5.928998054207050394e+00,4.435718037475893105e+00,1.070098024623579747e+01,3.224579257942707500e+00,7.678978325691403484e+00,6.571723653351569716e+00,1.491933606621736352e+00,7.253210943486267936e+00
1.984291512752988096e+00,8.139311983957574492e-01,2.073393431145181154e+00,1.886810938600337550e+00,2.540874870068481783e+00,1.816495028142286250e+00,4.175650996596569797e+00,1.269238186294765036e+00,5.534233629901661011e+00,0.000000000000000000e+00,9.157464617450630229e-01,1.018167359969474939e+00,3.592900826457277041e+00,1.356408657251855887e+00,4.005676366504506092e+00,3.496365542211159028e+00,3.893600071928881690e+00,1.236723745757017712e+00,4.988450207748546639e+00,8.410871292918511433e-01,1.372513886014662621e+00,3.246896704381778243e+00,4.726461848670583166e+00,4.689887563343792642e+00,3.163744484701041859e+00,2.683627732987825976e+00,5.590988601814581571e+00,1.649732557150847212e+00,3.614788480508924540e+00,1.882375278005053998e+00,4.129636801699104076e+00,2.980492200300687955e+00,4.909758451034634597e+00,5.478136501418695126e+00,1.487331384870775652e+00,3.745025547259603904e+00,1.063604737504649789e+00,1.022314736163625337e+00,3.953974626816778026e-01,1.100557652999024860e+00,5.054577162985902206e+00,4.104983812191432824e-01,1.155197149295104531e+00,3.596093837572846397e+00,1.338778180890015213e+00,4.174186531351337770e+00,4.418732957214800194e+00,1.816721407677034827e+00,9.421224413010814702e-01,2.659420532341650212e+00,4.650593373326383784e-01,1.143685782645087468e+00,3.706955799032459531e+00,1.679683755245388044e+00,1.668824745792047703e-01,4.461609244978673061e+00,2.903812042211603384e+00,3.893944794204424298e+00,2.509412662458330168e+00,8.486571940283684778e-01,2.560866720455218792e-01,1.936504696362667977e+00,2.813012092713533807e+00,1.570879956919686293e+00,2.103653571167444003e+00,5.545666298931185567e-01,1.006825032955801724e+00,8.727086072251297733e-01,3.054983136408835342e+00,2.216721411081287396e+00,1.552519246654221252e+00,1.041162583146110654e+00,2.396350773484304142e+00,4.185453218425802646e+00,5.071065236861567627e+00,5.982193330939118425e-01,2.646180940716066132e+00,6.836274152617499489e+00,6.698431993595236333e-01,1.651112952835259051e+00,6.797445285072432952e+00,5.502675602522842935e-01,1.707518754902432434e+00,2.258194265511875631e+00,2.294162019177584000e+00,1.695348630159628334e+00,1.464776153383929191e+00,1.915093636950606859e+00,7.485162203155653948e+00,2.839218386995082000e+00,1.326956260928060072e+00,5.498338650536159555e+00,6.209214752721765596e-01,1.137392507268830233e+00,5.167751711316383556e+00,2.363056132848635027e+00,2.166442745395729563e+00,1.578520744686932931e+00,4.062798255016835114e+00,2.445747751259779612e+00
1.493264822890744581e+00,7.651981668107493695e-01,2.032733771475890183e+00,1.955791221871524765e+00,2.346769865426122426e+00,1.232323299623792501e+00,4.354029997880618730e+00,1.582611939721343175e+00,5.601042545074633061e+00,9.157464617450630229e-01,0.000000000000000000e+00,6.436059363176650505e-01,3.295966953039019653e+00,1.671848692886145127e+00,3.704896725030067284e+00,2.981882346364304492e+00,3.399285579427023585e+00,1.277602991053748971e+00,4.706794429996763895e+00,1.464753274688026297e+00,5.013320738852233838e-01,2.842943717205980381e+00,4.751038763797033937e+00,4.754954926059850706e+00,2.999134352817306670e+00,2.206862346630699800e+00,5.410984152924253721e+00,8.137330727958439480e-01,3.853632008615715421e+00,2.156843062086737373e+00,3.827418738526079167e+00,2.607816140373725222e+00,4.885945485513591535e+00,5.252222805826054497e+00,6.039053415848132378e-01,3.901554916855221489e+00,9.582058261408902267e-01,1.542760682678580464e+00,1.308453121865724267e+00,1.431340486551505364e+00,5.155434481865817098e+00,5.182347481007195666e-01,2.066851058135374508e+00,3.510330463606018636e+00,2.059931773088074181e+00,4.290214027854524659e+00,4.038617077753155371e+00,1.651381205678892128e+00,3.248958516955231524e-01,2.835324893166089932e+00,5.675639916639914073e-01,7.818239820108049409e-01,3.188542048450769606e+00,1.421423191081089943e+00,1.082550732718154718e+00,4.011805791458343151e+00,3.006647404269855883e+00,3.933899407776917823e+00,2.769968285336908309e+00,9.962749291374589644e-01,6.651532726363642567e-01,1.230754955297509223e+00,3.060329939766475160e+00,1.108123827775685522e+00,2.359011537597779817e+00,7.565523552847934763e-01,1.913651181140567203e+00,1.342845057116405449e+00,3.334922457887760316e+00,2.139501342308088638e+00,7.809612711641532590e-01,1.065906933201492768e+00,2.688385373313275206e+00,4.250156314032158988e+00,4.790501404423208598e+00,9.696830602875974314e-01,2.625995060339992193e+00,6.869336063759113209e+00,8.970320659480343073e-01,1.093540818492187094e+00,6.893821766872334500e+00,1.156752278392479072e+00,2.022596694380931925e+00,2.521070365100877453e+00,2.695758509729771379e+00,2.382687247454645441e+00,1.827058836264321418e+00,1.138574754096120190e+00,7.532828132405685828e+00,2.815358748655154120e+00,2.205022116313965164e+00,5.507483071485081538e+00,1.462276827637416510e+00,1.276768549379647899e+00,5.281301506163146975e+00,2.384457032706961854e+00,2.495642466901236034e+00,2.389258776101354620e+00,4.202634603689226367e+00,1.797743233416255082e+00
2.132533232575108517e+00,1.309349640720974151e+00,2.643796682286059241e+00,2.539987861338857567e+00,2.984014383145014104e+00,1.863121404900321521e+00,3.715499943269008121e+00,2.073946763930072379e+00,4.957753667115078144e+00,1.018167359969474939e+00,6.436059363176650505e-01,0.000000000000000000e+00,3.939496196089820046e+00,2.166241926398625672e+00,4.348156174341702318e+00,3.603331868581833408e+00,4.022355114941717602e+00,6.671708636129485281e-01,5.350015438764793352e+00,1.801863810640394803e+00,1.042410729785293366e+00,3.481964003014756504e+00,4.108815568356352088e+00,5.363677503231897958e+00,3.636593933397870959e+00,2.841111794450885686e+00,6.053223367077589678e+00,1.350664581691522370e+00,3.224824839777987950e+00,2.681389995475141230e+00,4.470563744234691939e+00,3.249808184165503544e+00,4.247380223719387615e+00,5.895727037110900071e+00,7.718287139478785530e-01,4.484021626413801087e+00,3.448235381343107142e-01,1.939469034002348380e+00,1.373804629836599345e+00,9.242942559014433179e-01,5.757305024022803863e+00,6.816018669550849562e-01,2.003715925248831908e+00,4.140798952317676473e+00,1.719686968642078151e+00,4.885338724431566249e+00,4.676582579074627155e+00,1.012683294924987099e+00,3.213098592047389235e-01,3.403627113070051280e+00,5.609055039626199557e-01,1.508496757874522309e-01,3.807641189907462920e+00,7.945788546777221573e-01,1.150474486581049005e+00,4.640514016773831685e+00,3.597043703362643896e+00,3.290513779648232884e+00,3.309866407717026782e+00,5.133570045040961594e-01,8.019647212909537526e-01,1.825206949114557498e+00,2.439341530827119797e+00,5.650875512287228952e-01,1.752261932406006917e+00,5.151173184401083294e-01,1.839181076955523464e+00,9.379622476909638129e-01,3.873873610007148471e+00,1.497332691202306165e+00,6.454991701395532688e-01,4.851662686377591349e-01,3.215810193548349183e+00,3.606562349027484515e+00,5.433715648061109071e+00,6.598321885342015580e-01,1.982814457798774521e+00,7.488787932620437182e+00,5.344818772484372094e-01,6.329456374316193568e-01,7.500388825730651021e+00,9.098841378461449692e-01,2.528574345991200012e+00,1.912369793883022417e+00,2.127412991567076084e+00,1.990157902368396847e+00,2.308223317914265049e+00,1.698546416778756507e+00,8.150375550397829016e+00,2.172694578933260789e+00,2.038588428928544083e+00,6.128976806970286795e+00,1.638873310620508228e+00,7.043580483478103504e-01,5.880489463876796385e+00,1.741318541163220157e+00,3.005901070445181844e+00,2.595350732741708466e+00,3.561319890898371199e+00,2.396829811054133508e+00
1.822897148123545197e+00,2.801480902174541932e+00,1.601583093900097454e+00,1.861493343469413642e+00,1.067270269104739544e+00,2.114606017231376978e+00,7.640775350981395597e+00,2.533607811043326663e+00,8.894775026688686026e+00,3.592900826457277041e+00,3.295966953039019653e+00,3.939496196089820046e+00,0.000000000000000000e+00,2.489620501012036247e+00,4.141026446318913368e-01,9.092410272418480766e-01,8.711438581122571412e-01,4.552765652419346942e+00,1.413024422842120709e+00,3.105326924000526123e+00,2.986050291611704210e+00,5.742948766498473523e-01,8.041110914903454088e+00,2.058599694292414739e+00,6.088260373887094401e-01,1.188940553386656385e+00,2.145828957475055088e+00,2.762721918874952554e+00,7.121035686790152752e+00,2.189990726351714656e+00,5.382603594937448444e-01,7.119011121733322955e-01,8.164354222003387562e+00,1.961890509899064439e+00,3.478636491182480750e+00,1.842519766595917874e+00,4.244304777176699517e+00,2.905338148474405191e+00,3.734032631838632543e+00,4.607235078412579732e+00,2.479257908313177161e+00,3.507675554430579101e+00,4.335284309806242575e+00,8.321495597197667848e-01,4.897789825676544417e+00,1.903665866570126930e+00,8.727806225941198148e-01,4.940263353102769983e+00,3.619199010977899977e+00,1.740883776653930459e+00,3.660131460085300770e+00,4.074499436339367620e+00,9.312811192830936502e-01,4.700078628343338671e+00,3.673957282657409174e+00,1.059542490175715335e+00,1.485473149869244169e+00,7.228373149835872979e+00,2.008141115310111413e+00,4.214269826900058469e+00,3.531393355128803702e+00,2.265764924418868453e+00,6.317997512298044960e+00,4.338048173354163595e+00,5.603346819020686986e+00,3.896846041707019204e+00,4.275716454924222809e+00,4.428396874765867963e+00,2.104954278896138398e+00,5.432032682859023964e+00,3.809788491478416805e+00,4.332052026592669414e+00,2.110450513975588471e+00,7.545653527438365593e+00,1.496705625698821152e+00,4.072220617917417407e+00,5.920245368825906240e+00,3.853223369529890530e+00,4.062669442958013022e+00,4.264945486735576274e+00,4.008794532802948396e+00,4.127433218470280885e+00,2.332178492601710396e+00,5.765194736400914621e+00,5.866206150333409752e+00,5.257491941537287161e+00,2.507030892259869415e+00,2.463781629172824950e+00,4.514649278097198071e+00,6.108177256370279196e+00,4.657072314517543887e+00,2.540533531638441200e+00,3.532810128262753757e+00,4.524242611026364713e+00,2.618734370351975205e+00,5.680253666566193793e+00,2.241411590019981581e+00,3.700452014711703708e+00,7.495187031995324212e+00,1.806928029876945230e+00
1.455177265073004378e+00,9.085092265882638296e-01,8.892481795215683160e-01,6.306884045398900573e-01,1.436294342809579350e+00,1.512404120476138703e+00,5.522543841854719027e+00,9.235982587558566603e-02,6.889870985736801678e+00,1.356408657251855887e+00,1.671848692886145127e+00,2.166241926398625672e+00,2.489620501012036247e+00,0.000000000000000000e+00,2.882219500762790432e+00,2.676975418495352255e+00,3.009460170312685090e+00,2.567109072872703734e+00,3.811712707615030560e+00,6.372219787339032937e-01,1.792456565608668839e+00,2.300164665359760274e+00,6.082590435690772068e+00,3.338565311914017286e+00,1.963424122250031045e+00,1.924817797499138949e+00,4.327802484156745955e+00,1.870381014242957107e+00,4.953373375215338825e+00,5.283601412008026577e-01,3.001641466550128978e+00,2.025718189027957195e+00,6.263373565969479806e+00,4.247210350861569950e+00,2.215760103537450121e+00,2.388646706164361255e+00,2.338864125411368899e+00,4.234209186070098663e-01,1.340589075722891987e+00,2.456311376089542087e+00,3.698810488768116134e+00,1.505974349819008129e+00,1.850305294850414617e+00,2.316484983821577970e+00,2.500631031600422105e+00,2.818576480937596607e+00,3.359029797553386931e+00,3.113879121784427717e+00,1.927841713644581123e+00,1.303604598432371642e+00,1.658187129302995722e+00,2.315778389255873204e+00,2.873146508500715957e+00,2.937108621169001399e+00,1.364368105600435088e+00,3.482444893602054226e+00,1.557757374224465474e+00,5.249991419859694197e+00,1.160238897355057475e+00,2.177410706066535528e+00,1.435030344019980530e+00,1.784916271214428418e+00,4.156756767451508239e+00,2.719491203880556096e+00,3.453604329382960803e+00,1.851302204727104606e+00,1.803012642160590318e+00,2.221053493728236017e+00,1.717108677719424659e+00,3.547573297114599455e+00,2.449496250535568631e+00,2.355588453246539871e+00,1.055698310507359627e+00,5.541822511876089763e+00,3.891302945160598714e+00,1.947219420042521243e+00,3.992604162503462284e+00,5.484976519739793055e+00,1.997724738218286333e+00,2.740749924599164444e+00,5.441095419747674633e+00,1.895102867153867665e+00,3.631326678854150392e-01,3.605308093667594083e+00,3.604839864123985826e+00,2.852238898150491142e+00,1.619048901057130174e-01,1.907488686327171168e+00,6.131342794329544432e+00,4.186462083501350406e+00,2.180702846477486023e+00,4.154926708413142045e+00,1.077448683778585492e+00,2.481871452449959659e+00,3.811438804444190698e+00,3.712826012512866480e+00,8.398143034586303957e-01,1.316822495524791803e+00,5.415124920538170628e+00,2.025891374764518194e+00
2.224945417949879545e+00,3.215474057146178399e+00,1.998287985493028662e+00,2.251864681875307195e+00,1.473725819565929296e+00,2.513113864613747861e+00,8.052443176718446338e+00,2.929941819314267004e+00,9.301217143943880217e+00,4.005676366504506092e+00,3.704896725030067284e+00,4.348156174341702318e+00,4.141026446318913368e-01,2.882219500762790432e+00,0.000000000000000000e+00,1.110684406878037045e+00,9.045303144912187898e-01,4.964633672335351910e+00,1.001912993214400860e+00,3.504128365303814441e+00,3.384562613462795522e+00,9.172649104976007273e-01,8.446242338182273102e+00,1.927813503481197399e+00,9.430998238478305318e-01,1.564859054342968792e+00,1.769022610366367765e+00,3.152112047091176539e+00,7.534148689727409476e+00,2.554821474908337109e+00,1.241710201655551321e-01,1.105393688696453713e+00,8.566425873406537050e+00,1.565809816876512883e+00,3.871740433208823884e+00,1.923817619210749230e+00,4.655165624698261340e+00,3.301073884106439760e+00,4.141738878797831092e+00,5.021258353358238224e+00,2.326156227479591276e+00,3.921626650679097548e+00,4.731416385475432307e+00,9.396795089555116665e-01,5.307257807693823715e+00,1.886853795780308429e+00,5.317566819528470878e-01,5.346304626622958800e+00,4.027469388558591490e+00,2.033367996534275690e+00,4.073899484278356908e+00,4.482016534473288516e+00,1.052566769525631996e+00,5.104661494755530882e+00,4.085168243380260300e+00,8.164710445693010854e-01,1.750611043837214220e+00,7.635421232906661082e+00,2.309049620319817642e+00,4.627597585316057582e+00,3.945455614653784693e+00,2.649999716112594772e+00,6.731352939708301619e+00,4.738683879628904805e+00,6.016896564866701880e+00,4.310656990959325086e+00,4.675752798347581063e+00,4.842413233048223908e+00,2.323127914014556872e+00,5.838727553745635568e+00,4.203200607730821936e+00,4.744206477137235645e+00,2.421808835052358777e+00,7.953375661049707723e+00,1.085625841240271949e+00,4.486307885829297071e+00,6.327428348596733088e+00,3.555698111546391704e+00,4.476463957460745213e+00,4.661807164110204127e+00,3.746846329708156009e+00,4.541053449496522454e+00,2.705410116433630829e+00,6.178793314499823275e+00,6.280250755475609736e+00,5.666777902040657011e+00,2.891010029516349888e+00,2.843706571435219210e+00,4.209168143229417680e+00,6.514736323418341968e+00,5.056484433516912347e+00,2.287972644258374988e+00,3.934602180416866712e+00,4.937204965203006779e+00,2.462127514095627134e+00,6.089347310077750208e+00,2.574213715799192670e+00,4.065047400536498046e+00,7.905783756476104429e+00,2.164554797203773084e+00
1.522263613851729591e+00,2.683663556355737168e+00,1.847977175571803299e+00,2.118183252487100265e+00,1.337437170987552104e+00,1.751549853334710694e+00,7.309183144365112739e+00,2.690852330081060728e+00,8.483916920401508577e+00,3.496365542211159028e+00,2.981882346364304492e+00,3.603331868581833408e+00,9.092410272418480766e-01,2.676975418495352255e+00,1.110684406878037045e+00,0.000000000000000000e+00,4.197349955274173317e-01,4.257860515548342661e+00,1.967000608036846510e+00,3.211312207471973323e+00,2.574080568365009203e+00,4.791291535026440673e-01,7.620488097426246554e+00,2.964654893087402598e+00,1.312039651097487880e+00,8.131505181917033642e-01,2.820647612525818637e+00,2.293912333717232688e+00,6.828145487454278850e+00,2.546276908950651396e+00,1.191161391780981571e+00,6.958774997820249553e-01,7.715361036560080876e+00,2.575938031000735151e+00,3.011512475924988053e+00,2.701730033665955322e+00,3.935711706792480058e+00,3.045430284086814599e+00,3.724590775619424754e+00,4.389987152882318000e+00,3.382014740385844487e+00,3.311175560640491788e+00,4.421891616285337889e+00,1.715508766651942851e+00,4.835111634502926137e+00,2.804208184100509094e+00,1.173631515081315024e+00,4.554177602909859957e+00,3.285906857099233580e+00,2.347545189068276805e+00,3.446195006431354013e+00,3.720386707336824639e+00,2.106944222740071981e-01,4.302155195891783634e+00,3.611325908548352448e+00,1.049132484376551711e+00,2.165951058915259519e+00,6.832434274605994950e+00,2.575868592097959819e+00,3.966036260719557838e+00,3.373441178868916701e+00,1.789986947579159882e+00,6.040074477473522663e+00,3.909735226009376952e+00,5.340892836980657421e+00,3.678695422072258747e+00,4.331729785303372715e+00,4.252494131967071489e+00,2.819292401932992576e+00,5.047103306854626048e+00,3.337318857908493808e+00,4.047789172660158918e+00,2.645691180925171526e+00,7.155670243756335758e+00,2.044196863059286162e+00,3.876995027654841497e+00,5.535874640807257663e+00,4.663540735448798991e+00,3.839287704991162453e+00,3.808317047207640194e+00,4.856938532804657704e+00,3.984949488008494800e+00,2.640305665489885989e+00,5.502944857307574544e+00,5.663934467163061370e+00,5.191371329367385989e+00,2.747239321231102149e+00,1.952565666664436206e+00,5.313835428015727835e+00,5.714999374394438725e+00,4.709808802614912082e+00,3.395360147365383607e+00,3.595011438502624834e+00,4.257433924828644578e+00,3.520957021668662534e+00,5.322532880591422710e+00,2.708145000472101049e+00,3.983688866144603047e+00,7.145278725439704104e+00,1.230716355026857389e+00
